Enter the name of file on which you want to run this Alog : 
data7.txt
-----------------------------------------------------------------
source is 1
No of nodes in graph 50
-----------------------------------------------------------------
All nodes are visited exactly once
[1, 2, 3, 4, 5, 6, 7, 8, 9, 10, 11, 12, 13, 14, 15, 16, 17, 18, 50, 19, 20, 21, 22, 23, 24, 25, 26, 27, 28, 29, 30, 31, 32, 33, 34, 35, 36, 37, 38, 39, 40, 41, 42, 43, 44, 45, 46, 47, 48, 49]
No direct edges between 49 and 1
Prune above path :)
-----------------------------------------------------------------
All nodes are visited exactly once
[1, 2, 3, 4, 5, 6, 7, 8, 9, 10, 11, 12, 13, 14, 15, 16, 17, 18, 50, 49, 48, 47, 46, 45, 44, 43, 42, 41, 40, 39, 38, 37, 36, 35, 34, 33, 32, 31, 30, 29, 28, 27, 26, 25, 24, 23, 22, 21, 20, 19]
No direct edges between 19 and 1
Prune above path :)
-----------------------------------------------------------------
All nodes are visited exactly once
[1, 2, 3, 4, 5, 6, 7, 8, 9, 10, 11, 12, 13, 14, 15, 16, 17, 18, 19, 20, 21, 22, 23, 24, 25, 26, 50, 27, 28, 29, 30, 31, 32, 33, 34, 35, 36, 37, 38, 39, 40, 41, 42, 43, 44, 45, 46, 47, 48, 49]
No direct edges between 49 and 1
Prune above path :)
-----------------------------------------------------------------
All nodes are visited exactly once
[1, 2, 3, 4, 5, 6, 7, 8, 9, 10, 11, 12, 13, 14, 15, 16, 17, 18, 19, 20, 50, 21, 22, 23, 24, 25, 26, 27, 28, 29, 30, 31, 32, 33, 34, 35, 36, 37, 38, 39, 40, 41, 42, 43, 44, 45, 46, 47, 48, 49]
No direct edges between 49 and 1
Prune above path :)
-----------------------------------------------------------------
All nodes are visited exactly once
[1, 2, 3, 4, 5, 6, 7, 8, 9, 10, 11, 12, 13, 14, 15, 16, 17, 18, 19, 50, 20, 21, 22, 23, 24, 25, 26, 27, 28, 29, 30, 31, 32, 33, 34, 35, 36, 37, 38, 39, 40, 41, 42, 43, 44, 45, 46, 47, 48, 49]
No direct edges between 49 and 1
Prune above path :)
-----------------------------------------------------------------
All nodes are visited exactly once
[1, 2, 3, 4, 5, 6, 7, 8, 9, 10, 11, 12, 13, 14, 15, 16, 17, 18, 19, 50, 49, 48, 47, 46, 45, 44, 43, 42, 41, 40, 39, 38, 37, 36, 35, 34, 33, 32, 31, 30, 29, 28, 27, 26, 25, 24, 23, 22, 21, 20]
No direct edges between 20 and 1
Prune above path :)
-----------------------------------------------------------------
All nodes are visited exactly once
[1, 2, 3, 4, 5, 6, 7, 8, 9, 10, 11, 12, 13, 14, 15, 16, 17, 18, 19, 20, 21, 22, 23, 24, 25, 26, 50, 49, 48, 47, 46, 45, 44, 43, 42, 41, 40, 39, 38, 37, 36, 35, 34, 33, 32, 31, 30, 29, 28, 27]
No direct edges between 27 and 1
Prune above path :)
-----------------------------------------------------------------
All nodes are visited exactly once
[1, 2, 3, 4, 5, 50, 6, 7, 8, 9, 10, 11, 12, 13, 14, 15, 16, 17, 18, 19, 20, 21, 22, 23, 24, 25, 26, 27, 28, 29, 30, 31, 32, 33, 34, 35, 36, 37, 38, 39, 40, 41, 42, 43, 44, 45, 46, 47, 48, 49]
No direct edges between 49 and 1
Prune above path :)
-----------------------------------------------------------------
All nodes are visited exactly once
[1, 2, 3, 4, 5, 6, 7, 8, 9, 10, 11, 12, 13, 14, 15, 16, 17, 18, 19, 20, 50, 49, 48, 47, 46, 45, 44, 43, 42, 41, 40, 39, 38, 37, 36, 35, 34, 33, 32, 31, 30, 29, 28, 27, 26, 25, 24, 23, 22, 21]
No direct edges between 21 and 1
Prune above path :)
-----------------------------------------------------------------
All nodes are visited exactly once
[1, 2, 3, 4, 5, 6, 7, 8, 9, 10, 11, 12, 13, 14, 15, 16, 17, 18, 19, 20, 21, 50, 49, 48, 47, 46, 45, 44, 43, 42, 41, 40, 39, 38, 37, 36, 35, 34, 33, 32, 31, 30, 29, 28, 27, 26, 25, 24, 23, 22]
No direct edges between 22 and 1
Prune above path :)
-----------------------------------------------------------------
All nodes are visited exactly once
[1, 2, 3, 4, 5, 6, 7, 8, 9, 10, 11, 12, 13, 14, 15, 16, 17, 18, 19, 20, 21, 22, 23, 24, 25, 26, 27, 28, 29, 50, 49, 48, 47, 46, 45, 44, 43, 42, 41, 40, 39, 38, 37, 36, 35, 34, 33, 32, 31, 30]
No direct edges between 30 and 1
Prune above path :)
-----------------------------------------------------------------
All nodes are visited exactly once
[1, 2, 3, 4, 5, 6, 7, 8, 9, 10, 11, 12, 13, 14, 15, 16, 17, 50, 18, 19, 20, 21, 22, 23, 24, 25, 26, 27, 28, 29, 30, 31, 32, 33, 34, 35, 36, 37, 38, 39, 40, 41, 42, 43, 44, 45, 46, 47, 48, 49]
No direct edges between 49 and 1
Prune above path :)
-----------------------------------------------------------------
All nodes are visited exactly once
[1, 2, 3, 4, 5, 6, 7, 8, 9, 10, 11, 12, 13, 14, 15, 16, 17, 18, 19, 20, 21, 22, 23, 24, 25, 26, 27, 28, 29, 30, 31, 32, 50, 49, 48, 47, 46, 45, 44, 43, 42, 41, 40, 39, 38, 37, 36, 35, 34, 33]
No direct edges between 33 and 1
Prune above path :)
-----------------------------------------------------------------
All nodes are visited exactly once
[1, 2, 3, 4, 5, 6, 7, 8, 9, 10, 11, 12, 13, 14, 50, 15, 16, 17, 18, 19, 20, 21, 22, 23, 24, 25, 26, 27, 28, 29, 30, 31, 32, 33, 34, 35, 36, 37, 38, 39, 40, 41, 42, 43, 44, 45, 46, 47, 48, 49]
No direct edges between 49 and 1
Prune above path :)
-----------------------------------------------------------------
All nodes are visited exactly once
[1, 2, 3, 4, 50, 5, 6, 7, 8, 9, 10, 11, 12, 13, 14, 15, 16, 17, 18, 19, 20, 21, 22, 23, 24, 25, 26, 27, 28, 29, 30, 31, 32, 33, 34, 35, 36, 37, 38, 39, 40, 41, 42, 43, 44, 45, 46, 47, 48, 49]
No direct edges between 49 and 1
Prune above path :)
-----------------------------------------------------------------
All nodes are visited exactly once
[1, 2, 3, 4, 5, 50, 49, 48, 47, 46, 45, 44, 43, 42, 41, 40, 39, 38, 37, 36, 35, 34, 33, 32, 31, 30, 29, 28, 27, 26, 25, 24, 23, 22, 21, 20, 19, 18, 17, 16, 15, 14, 13, 12, 11, 10, 9, 8, 7, 6]
No direct edges between 6 and 1
Prune above path :)
-----------------------------------------------------------------
All nodes are visited exactly once
[1, 2, 3, 4, 5, 6, 7, 8, 9, 10, 11, 12, 13, 14, 15, 16, 17, 18, 19, 20, 21, 22, 23, 24, 25, 26, 27, 28, 29, 30, 31, 32, 33, 34, 35, 36, 37, 38, 50, 49, 48, 47, 46, 45, 44, 43, 42, 41, 40, 39]
No direct edges between 39 and 1
Prune above path :)
-----------------------------------------------------------------
All nodes are visited exactly once
[1, 2, 3, 4, 5, 6, 7, 8, 9, 10, 11, 12, 13, 14, 15, 16, 17, 18, 19, 20, 21, 22, 23, 24, 25, 26, 27, 28, 29, 50, 30, 31, 32, 33, 34, 35, 36, 37, 38, 39, 40, 41, 42, 43, 44, 45, 46, 47, 48, 49]
No direct edges between 49 and 1
Prune above path :)
-----------------------------------------------------------------
All nodes are visited exactly once
[1, 2, 3, 4, 5, 6, 7, 8, 9, 10, 11, 12, 13, 14, 15, 16, 17, 18, 19, 20, 21, 22, 23, 24, 25, 26, 27, 50, 28, 29, 30, 31, 32, 33, 34, 35, 36, 37, 38, 39, 40, 41, 42, 43, 44, 45, 46, 47, 48, 49]
No direct edges between 49 and 1
Prune above path :)
-----------------------------------------------------------------
All nodes are visited exactly once
[1, 2, 3, 4, 5, 6, 7, 8, 9, 10, 11, 12, 13, 50, 14, 15, 16, 17, 18, 19, 20, 21, 22, 23, 24, 25, 26, 27, 28, 29, 30, 31, 32, 33, 34, 35, 36, 37, 38, 39, 40, 41, 42, 43, 44, 45, 46, 47, 48, 49]
No direct edges between 49 and 1
Prune above path :)
-----------------------------------------------------------------
All nodes are visited exactly once
[1, 2, 3, 50, 4, 5, 6, 7, 8, 9, 10, 11, 12, 13, 14, 15, 16, 17, 18, 19, 20, 21, 22, 23, 24, 25, 26, 27, 28, 29, 30, 31, 32, 33, 34, 35, 36, 37, 38, 39, 40, 41, 42, 43, 44, 45, 46, 47, 48, 49]
No direct edges between 49 and 1
Prune above path :)
-----------------------------------------------------------------
All nodes are visited exactly once
[1, 2, 3, 4, 5, 6, 7, 8, 9, 50, 49, 48, 47, 46, 45, 44, 43, 42, 41, 40, 39, 38, 37, 36, 35, 34, 33, 32, 31, 30, 29, 28, 27, 26, 25, 24, 23, 22, 21, 20, 19, 18, 17, 16, 15, 14, 13, 12, 11, 10]
No direct edges between 10 and 1
Prune above path :)
-----------------------------------------------------------------
All nodes are visited exactly once
[1, 2, 3, 4, 5, 6, 7, 8, 9, 10, 11, 12, 13, 14, 50, 49, 48, 47, 46, 45, 44, 43, 42, 41, 40, 39, 38, 37, 36, 35, 34, 33, 32, 31, 30, 29, 28, 27, 26, 25, 24, 23, 22, 21, 20, 19, 18, 17, 16, 15]
No direct edges between 15 and 1
Prune above path :)
-----------------------------------------------------------------
All nodes are visited exactly once
[1, 2, 3, 4, 5, 6, 7, 8, 9, 10, 11, 12, 13, 14, 15, 16, 17, 18, 19, 20, 21, 22, 23, 24, 25, 26, 27, 28, 50, 29, 30, 31, 32, 33, 34, 35, 36, 37, 38, 39, 40, 41, 42, 43, 44, 45, 46, 47, 48, 49]
No direct edges between 49 and 1
Prune above path :)
-----------------------------------------------------------------
All nodes are visited exactly once
[1, 2, 3, 4, 5, 6, 7, 8, 9, 10, 11, 50, 12, 13, 14, 15, 16, 17, 18, 19, 20, 21, 22, 23, 24, 25, 26, 27, 28, 29, 30, 31, 32, 33, 34, 35, 36, 37, 38, 39, 40, 41, 42, 43, 44, 45, 46, 47, 48, 49]
No direct edges between 49 and 1
Prune above path :)
-----------------------------------------------------------------
All nodes are visited exactly once
[1, 2, 3, 50, 49, 48, 47, 46, 45, 44, 43, 42, 41, 40, 39, 38, 37, 36, 35, 34, 33, 32, 31, 30, 29, 28, 27, 26, 25, 24, 23, 22, 21, 20, 19, 18, 17, 16, 15, 14, 13, 12, 11, 10, 9, 8, 7, 6, 5, 4]
No direct edges between 4 and 1
Prune above path :)
-----------------------------------------------------------------
All nodes are visited exactly once
[1, 2, 3, 4, 5, 6, 50, 49, 48, 47, 46, 45, 44, 43, 42, 41, 40, 39, 38, 37, 36, 35, 34, 33, 32, 31, 30, 29, 28, 27, 26, 25, 24, 23, 22, 21, 20, 19, 18, 17, 16, 15, 14, 13, 12, 11, 10, 9, 8, 7]
No direct edges between 7 and 1
Prune above path :)
-----------------------------------------------------------------
All nodes are visited exactly once
[1, 2, 3, 4, 5, 6, 7, 50, 49, 48, 47, 46, 45, 44, 43, 42, 41, 40, 39, 38, 37, 36, 35, 34, 33, 32, 31, 30, 29, 28, 27, 26, 25, 24, 23, 22, 21, 20, 19, 18, 17, 16, 15, 14, 13, 12, 11, 10, 9, 8]
No direct edges between 8 and 1
Prune above path :)
-----------------------------------------------------------------
All nodes are visited exactly once
[1, 2, 3, 4, 5, 6, 7, 8, 9, 10, 11, 50, 49, 48, 47, 46, 45, 44, 43, 42, 41, 40, 39, 38, 37, 36, 35, 34, 33, 32, 31, 30, 29, 28, 27, 26, 25, 24, 23, 22, 21, 20, 19, 18, 17, 16, 15, 14, 13, 12]
No direct edges between 12 and 1
Prune above path :)
-----------------------------------------------------------------
All nodes are visited exactly once
[1, 2, 3, 4, 5, 6, 7, 8, 9, 10, 11, 12, 13, 50, 49, 48, 47, 46, 45, 44, 43, 42, 41, 40, 39, 38, 37, 36, 35, 34, 33, 32, 31, 30, 29, 28, 27, 26, 25, 24, 23, 22, 21, 20, 19, 18, 17, 16, 15, 14]
No direct edges between 14 and 1
Prune above path :)
-----------------------------------------------------------------
All nodes are visited exactly once
[1, 2, 3, 4, 5, 6, 7, 8, 9, 10, 11, 12, 13, 14, 15, 50, 49, 48, 47, 46, 45, 44, 43, 42, 41, 40, 39, 38, 37, 36, 35, 34, 33, 32, 31, 30, 29, 28, 27, 26, 25, 24, 23, 22, 21, 20, 19, 18, 17, 16]
No direct edges between 16 and 1
Prune above path :)
-----------------------------------------------------------------
All nodes are visited exactly once
[1, 2, 3, 4, 5, 6, 7, 8, 9, 10, 11, 12, 13, 14, 15, 16, 17, 50, 49, 48, 47, 46, 45, 44, 43, 42, 41, 40, 39, 38, 37, 36, 35, 34, 33, 32, 31, 30, 29, 28, 27, 26, 25, 24, 23, 22, 21, 20, 19, 18]
No direct edges between 18 and 1
Prune above path :)
-----------------------------------------------------------------
All nodes are visited exactly once
[1, 2, 3, 4, 5, 6, 7, 8, 9, 10, 11, 12, 13, 14, 15, 16, 17, 18, 19, 20, 21, 22, 23, 24, 50, 49, 48, 47, 46, 45, 44, 43, 42, 41, 40, 39, 38, 37, 36, 35, 34, 33, 32, 31, 30, 29, 28, 27, 26, 25]
No direct edges between 25 and 1
Prune above path :)
-----------------------------------------------------------------
All nodes are visited exactly once
[1, 2, 3, 4, 5, 6, 7, 8, 9, 10, 11, 12, 13, 14, 15, 16, 17, 18, 19, 20, 21, 22, 23, 24, 25, 26, 27, 28, 50, 49, 48, 47, 46, 45, 44, 43, 42, 41, 40, 39, 38, 37, 36, 35, 34, 33, 32, 31, 30, 29]
No direct edges between 29 and 1
Prune above path :)
-----------------------------------------------------------------
All nodes are visited exactly once
[1, 2, 3, 4, 5, 6, 7, 8, 9, 10, 11, 12, 13, 14, 15, 16, 17, 18, 19, 20, 21, 22, 23, 24, 25, 26, 27, 28, 29, 30, 50, 49, 48, 47, 46, 45, 44, 43, 42, 41, 40, 39, 38, 37, 36, 35, 34, 33, 32, 31]
No direct edges between 31 and 1
Prune above path :)
-----------------------------------------------------------------
All nodes are visited exactly once
[1, 2, 3, 4, 5, 6, 7, 8, 9, 10, 11, 12, 13, 14, 15, 16, 17, 18, 19, 20, 21, 22, 23, 24, 25, 26, 27, 28, 29, 30, 31, 32, 33, 34, 50, 49, 48, 47, 46, 45, 44, 43, 42, 41, 40, 39, 38, 37, 36, 35]
No direct edges between 35 and 1
Prune above path :)
-----------------------------------------------------------------
All nodes are visited exactly once
[1, 2, 3, 4, 5, 6, 7, 8, 9, 10, 11, 12, 13, 14, 15, 16, 17, 18, 19, 20, 21, 50, 22, 23, 24, 25, 26, 27, 28, 29, 30, 31, 32, 33, 34, 35, 36, 37, 38, 39, 40, 41, 42, 43, 44, 45, 46, 47, 48, 49]
No direct edges between 49 and 1
Prune above path :)
-----------------------------------------------------------------
All nodes are visited exactly once
[1, 2, 3, 4, 5, 6, 7, 8, 9, 10, 11, 12, 13, 14, 15, 16, 17, 18, 19, 20, 21, 22, 23, 24, 25, 26, 27, 28, 29, 30, 31, 32, 33, 34, 35, 36, 37, 38, 39, 40, 41, 50, 49, 48, 47, 46, 45, 44, 43, 42]
No direct edges between 42 and 1
Prune above path :)
-----------------------------------------------------------------
All nodes are visited exactly once
[1, 2, 3, 4, 5, 6, 7, 8, 9, 10, 11, 12, 13, 14, 15, 16, 17, 18, 19, 20, 21, 22, 23, 24, 25, 26, 27, 28, 29, 30, 31, 32, 33, 34, 35, 36, 37, 38, 39, 40, 41, 42, 43, 50, 49, 48, 47, 46, 45, 44]
No direct edges between 44 and 1
Prune above path :)
-----------------------------------------------------------------
All nodes are visited exactly once
[1, 2, 3, 4, 5, 6, 7, 8, 9, 10, 11, 12, 13, 14, 15, 16, 17, 18, 19, 20, 21, 22, 23, 24, 25, 26, 27, 28, 29, 30, 31, 32, 33, 34, 35, 36, 37, 38, 39, 40, 41, 42, 43, 50, 44, 45, 46, 47, 48, 49]
No direct edges between 49 and 1
Prune above path :)
-----------------------------------------------------------------
All nodes are visited exactly once
[1, 2, 3, 4, 5, 6, 7, 8, 9, 10, 11, 12, 13, 14, 15, 16, 17, 18, 19, 20, 21, 22, 23, 24, 25, 26, 27, 28, 29, 30, 31, 32, 33, 34, 35, 36, 37, 38, 39, 40, 41, 42, 43, 44, 50, 49, 48, 47, 46, 45]
No direct edges between 45 and 1
Prune above path :)
-----------------------------------------------------------------
All nodes are visited exactly once
[1, 2, 3, 4, 5, 6, 7, 8, 9, 10, 11, 12, 13, 14, 15, 16, 17, 18, 19, 20, 21, 22, 23, 24, 25, 26, 27, 28, 29, 30, 31, 32, 33, 34, 35, 36, 37, 38, 39, 40, 41, 42, 43, 44, 50, 45, 46, 47, 48, 49]
No direct edges between 49 and 1
Prune above path :)
-----------------------------------------------------------------
All nodes are visited exactly once
[1, 2, 3, 4, 50, 49, 48, 47, 46, 45, 44, 43, 42, 41, 40, 39, 38, 37, 36, 35, 34, 33, 32, 31, 30, 29, 28, 27, 26, 25, 24, 23, 22, 21, 20, 19, 18, 17, 16, 15, 14, 13, 12, 11, 10, 9, 8, 7, 6, 5]
No direct edges between 5 and 1
Prune above path :)
-----------------------------------------------------------------
All nodes are visited exactly once
[1, 2, 3, 4, 5, 6, 7, 8, 9, 10, 11, 12, 13, 14, 15, 16, 50, 49, 48, 47, 46, 45, 44, 43, 42, 41, 40, 39, 38, 37, 36, 35, 34, 33, 32, 31, 30, 29, 28, 27, 26, 25, 24, 23, 22, 21, 20, 19, 18, 17]
No direct edges between 17 and 1
Prune above path :)
-----------------------------------------------------------------
All nodes are visited exactly once
[1, 2, 3, 4, 5, 6, 7, 8, 9, 10, 11, 12, 13, 14, 15, 16, 17, 18, 19, 20, 21, 22, 50, 49, 48, 47, 46, 45, 44, 43, 42, 41, 40, 39, 38, 37, 36, 35, 34, 33, 32, 31, 30, 29, 28, 27, 26, 25, 24, 23]
No direct edges between 23 and 1
Prune above path :)
-----------------------------------------------------------------
All nodes are visited exactly once
[1, 2, 3, 4, 5, 6, 7, 8, 9, 10, 11, 12, 13, 14, 15, 16, 17, 18, 19, 20, 21, 22, 23, 24, 25, 26, 27, 28, 29, 30, 31, 32, 33, 34, 35, 50, 49, 48, 47, 46, 45, 44, 43, 42, 41, 40, 39, 38, 37, 36]
No direct edges between 36 and 1
Prune above path :)
-----------------------------------------------------------------
All nodes are visited exactly once
[1, 2, 3, 4, 5, 6, 7, 8, 9, 10, 11, 12, 13, 14, 15, 16, 17, 18, 19, 20, 21, 22, 23, 24, 25, 26, 27, 28, 29, 30, 31, 32, 33, 34, 35, 36, 50, 49, 48, 47, 46, 45, 44, 43, 42, 41, 40, 39, 38, 37]
No direct edges between 37 and 1
Prune above path :)
-----------------------------------------------------------------
All nodes are visited exactly once
[1, 2, 3, 4, 5, 6, 7, 8, 9, 10, 11, 12, 13, 14, 15, 16, 17, 18, 19, 20, 21, 22, 23, 24, 25, 26, 27, 28, 29, 30, 31, 32, 33, 34, 35, 36, 37, 38, 39, 50, 49, 48, 47, 46, 45, 44, 43, 42, 41, 40]
No direct edges between 40 and 1
Prune above path :)
-----------------------------------------------------------------
All nodes are visited exactly once
[1, 2, 3, 4, 5, 6, 7, 8, 9, 10, 11, 12, 13, 14, 15, 16, 17, 18, 19, 20, 21, 22, 23, 24, 25, 26, 27, 28, 29, 30, 31, 32, 33, 34, 35, 36, 37, 38, 39, 40, 41, 50, 42, 43, 44, 45, 46, 47, 48, 49]
No direct edges between 49 and 1
Prune above path :)
-----------------------------------------------------------------
All nodes are visited exactly once
[1, 2, 3, 4, 5, 6, 7, 8, 9, 10, 11, 12, 13, 14, 15, 16, 17, 18, 19, 20, 21, 22, 23, 24, 25, 26, 27, 28, 29, 30, 31, 32, 33, 34, 35, 36, 37, 38, 50, 39, 40, 41, 42, 43, 44, 45, 46, 47, 48, 49]
No direct edges between 49 and 1
Prune above path :)
-----------------------------------------------------------------
All nodes are visited exactly once
[1, 2, 3, 4, 5, 6, 7, 8, 9, 10, 11, 12, 13, 14, 15, 16, 17, 18, 19, 20, 21, 22, 23, 24, 25, 26, 27, 28, 29, 30, 31, 32, 50, 33, 34, 35, 36, 37, 38, 39, 40, 41, 42, 43, 44, 45, 46, 47, 48, 49]
No direct edges between 49 and 1
Prune above path :)
-----------------------------------------------------------------
All nodes are visited exactly once
[1, 2, 3, 4, 5, 6, 7, 8, 9, 10, 11, 12, 13, 14, 15, 16, 17, 18, 19, 20, 21, 22, 23, 24, 25, 26, 27, 28, 29, 30, 50, 31, 32, 33, 34, 35, 36, 37, 38, 39, 40, 41, 42, 43, 44, 45, 46, 47, 48, 49]
No direct edges between 49 and 1
Prune above path :)
-----------------------------------------------------------------
All nodes are visited exactly once
[1, 2, 3, 4, 5, 6, 7, 8, 9, 10, 11, 12, 13, 14, 15, 16, 50, 17, 18, 19, 20, 21, 22, 23, 24, 25, 26, 27, 28, 29, 30, 31, 32, 33, 34, 35, 36, 37, 38, 39, 40, 41, 42, 43, 44, 45, 46, 47, 48, 49]
No direct edges between 49 and 1
Prune above path :)
-----------------------------------------------------------------
All nodes are visited exactly once
[1, 2, 3, 4, 5, 6, 50, 7, 8, 9, 10, 11, 12, 13, 14, 15, 16, 17, 18, 19, 20, 21, 22, 23, 24, 25, 26, 27, 28, 29, 30, 31, 32, 33, 34, 35, 36, 37, 38, 39, 40, 41, 42, 43, 44, 45, 46, 47, 48, 49]
No direct edges between 49 and 1
Prune above path :)
-----------------------------------------------------------------
All nodes are visited exactly once
[1, 2, 3, 4, 5, 6, 7, 8, 9, 10, 11, 12, 13, 14, 15, 16, 17, 18, 19, 20, 21, 22, 23, 24, 25, 26, 27, 50, 49, 48, 47, 46, 45, 44, 43, 42, 41, 40, 39, 38, 37, 36, 35, 34, 33, 32, 31, 30, 29, 28]
No direct edges between 28 and 1
Prune above path :)
-----------------------------------------------------------------
All nodes are visited exactly once
[1, 2, 3, 4, 5, 6, 7, 8, 9, 10, 11, 12, 13, 14, 15, 16, 17, 18, 19, 20, 21, 22, 23, 24, 25, 26, 27, 28, 29, 30, 31, 32, 33, 34, 35, 50, 36, 37, 38, 39, 40, 41, 42, 43, 44, 45, 46, 47, 48, 49]
No direct edges between 49 and 1
Prune above path :)
-----------------------------------------------------------------
All nodes are visited exactly once
[1, 2, 3, 4, 5, 6, 7, 8, 9, 10, 11, 12, 13, 14, 15, 16, 17, 18, 19, 20, 21, 22, 23, 24, 25, 26, 27, 28, 29, 30, 31, 32, 33, 34, 50, 35, 36, 37, 38, 39, 40, 41, 42, 43, 44, 45, 46, 47, 48, 49]
No direct edges between 49 and 1
Prune above path :)
-----------------------------------------------------------------
All nodes are visited exactly once
[1, 2, 3, 4, 5, 6, 7, 8, 9, 50, 10, 11, 12, 13, 14, 15, 16, 17, 18, 19, 20, 21, 22, 23, 24, 25, 26, 27, 28, 29, 30, 31, 32, 33, 34, 35, 36, 37, 38, 39, 40, 41, 42, 43, 44, 45, 46, 47, 48, 49]
No direct edges between 49 and 1
Prune above path :)
-----------------------------------------------------------------
All nodes are visited exactly once
[1, 2, 3, 4, 5, 6, 7, 8, 50, 49, 48, 47, 46, 45, 44, 43, 42, 41, 40, 39, 38, 37, 36, 35, 34, 33, 32, 31, 30, 29, 28, 27, 26, 25, 24, 23, 22, 21, 20, 19, 18, 17, 16, 15, 14, 13, 12, 11, 10, 9]
No direct edges between 9 and 1
Prune above path :)
-----------------------------------------------------------------
All nodes are visited exactly once
[1, 2, 3, 4, 5, 6, 7, 8, 9, 10, 11, 12, 50, 49, 48, 47, 46, 45, 44, 43, 42, 41, 40, 39, 38, 37, 36, 35, 34, 33, 32, 31, 30, 29, 28, 27, 26, 25, 24, 23, 22, 21, 20, 19, 18, 17, 16, 15, 14, 13]
No direct edges between 13 and 1
Prune above path :)
-----------------------------------------------------------------
All nodes are visited exactly once
[1, 2, 3, 4, 5, 6, 7, 8, 9, 10, 11, 12, 13, 14, 15, 16, 17, 18, 19, 20, 21, 22, 23, 50, 49, 48, 47, 46, 45, 44, 43, 42, 41, 40, 39, 38, 37, 36, 35, 34, 33, 32, 31, 30, 29, 28, 27, 26, 25, 24]
No direct edges between 24 and 1
Prune above path :)
-----------------------------------------------------------------
All nodes are visited exactly once
[1, 2, 3, 4, 5, 6, 7, 8, 9, 10, 11, 12, 13, 14, 15, 16, 17, 18, 19, 20, 21, 22, 23, 24, 25, 26, 27, 28, 29, 30, 31, 32, 33, 34, 35, 36, 37, 38, 39, 40, 41, 42, 50, 43, 44, 45, 46, 47, 48, 49]
No direct edges between 49 and 1
Prune above path :)
-----------------------------------------------------------------
All nodes are visited exactly once
[1, 2, 3, 4, 5, 6, 7, 8, 9, 10, 11, 12, 13, 14, 15, 16, 17, 18, 19, 20, 21, 22, 23, 24, 25, 26, 27, 28, 29, 30, 31, 32, 33, 34, 35, 36, 50, 37, 38, 39, 40, 41, 42, 43, 44, 45, 46, 47, 48, 49]
No direct edges between 49 and 1
Prune above path :)
-----------------------------------------------------------------
All nodes are visited exactly once
[1, 2, 3, 4, 5, 6, 7, 8, 9, 10, 11, 12, 13, 14, 15, 16, 17, 18, 19, 20, 21, 22, 23, 24, 25, 26, 27, 28, 29, 30, 31, 32, 33, 34, 35, 36, 37, 38, 39, 40, 41, 42, 43, 44, 45, 46, 47, 50, 48, 49]
No direct edges between 49 and 1
Prune above path :)
-----------------------------------------------------------------
All nodes are visited exactly once
[1, 2, 3, 4, 5, 6, 7, 8, 9, 10, 11, 12, 13, 14, 15, 16, 17, 18, 19, 20, 21, 22, 23, 24, 25, 26, 27, 28, 29, 30, 31, 32, 33, 34, 35, 36, 37, 38, 39, 40, 41, 42, 43, 44, 45, 46, 47, 50, 49, 48]
No direct edges between 48 and 1
Prune above path :)
-----------------------------------------------------------------
All nodes are visited exactly once
[1, 2, 3, 4, 5, 6, 7, 8, 9, 10, 11, 12, 13, 14, 15, 16, 17, 18, 19, 20, 21, 22, 23, 24, 25, 26, 27, 28, 29, 30, 31, 32, 33, 34, 35, 36, 37, 38, 39, 40, 41, 42, 43, 44, 45, 50, 49, 48, 47, 46]
No direct edges between 46 and 1
Prune above path :)
-----------------------------------------------------------------
All nodes are visited exactly once
[1, 2, 3, 4, 5, 6, 7, 8, 9, 10, 11, 12, 13, 14, 15, 16, 17, 18, 19, 20, 21, 22, 23, 24, 25, 26, 27, 28, 29, 30, 31, 32, 33, 34, 35, 36, 37, 38, 39, 40, 41, 42, 43, 44, 45, 46, 50, 49, 48, 47]
No direct edges between 47 and 1
Prune above path :)
-----------------------------------------------------------------
All nodes are visited exactly once
[1, 2, 3, 4, 5, 6, 7, 8, 9, 10, 11, 12, 13, 14, 15, 16, 17, 18, 19, 20, 21, 22, 23, 24, 25, 26, 27, 28, 29, 30, 31, 32, 33, 34, 35, 36, 37, 38, 39, 40, 41, 42, 43, 44, 45, 46, 50, 47, 48, 49]
No direct edges between 49 and 1
Prune above path :)
-----------------------------------------------------------------
All nodes are visited exactly once
[1, 2, 3, 4, 5, 6, 7, 8, 9, 10, 11, 12, 13, 14, 15, 16, 17, 18, 19, 20, 21, 22, 23, 24, 25, 26, 27, 28, 29, 30, 31, 32, 33, 34, 35, 36, 37, 38, 39, 40, 41, 42, 50, 49, 48, 47, 46, 45, 44, 43]
No direct edges between 43 and 1
Prune above path :)
-----------------------------------------------------------------
All nodes are visited exactly once
[1, 2, 3, 4, 5, 6, 7, 8, 9, 10, 11, 12, 13, 14, 15, 16, 17, 18, 19, 20, 21, 22, 23, 24, 25, 26, 27, 28, 29, 30, 31, 32, 33, 34, 35, 36, 37, 50, 38, 39, 40, 41, 42, 43, 44, 45, 46, 47, 48, 49]
No direct edges between 49 and 1
Prune above path :)
-----------------------------------------------------------------
All nodes are visited exactly once
[1, 2, 3, 4, 5, 6, 7, 8, 9, 10, 11, 12, 13, 14, 15, 16, 17, 18, 19, 20, 21, 22, 23, 24, 25, 26, 27, 28, 29, 30, 31, 50, 32, 33, 34, 35, 36, 37, 38, 39, 40, 41, 42, 43, 44, 45, 46, 47, 48, 49]
No direct edges between 49 and 1
Prune above path :)
-----------------------------------------------------------------
All nodes are visited exactly once
[1, 2, 3, 4, 5, 6, 7, 8, 9, 10, 11, 12, 13, 14, 15, 16, 17, 18, 19, 20, 21, 22, 23, 24, 50, 25, 26, 27, 28, 29, 30, 31, 32, 33, 34, 35, 36, 37, 38, 39, 40, 41, 42, 43, 44, 45, 46, 47, 48, 49]
No direct edges between 49 and 1
Prune above path :)
-----------------------------------------------------------------
All nodes are visited exactly once
[1, 2, 3, 4, 5, 6, 7, 8, 9, 10, 11, 12, 13, 14, 15, 50, 16, 17, 18, 19, 20, 21, 22, 23, 24, 25, 26, 27, 28, 29, 30, 31, 32, 33, 34, 35, 36, 37, 38, 39, 40, 41, 42, 43, 44, 45, 46, 47, 48, 49]
No direct edges between 49 and 1
Prune above path :)
-----------------------------------------------------------------
All nodes are visited exactly once
[1, 2, 3, 4, 5, 6, 7, 50, 8, 9, 10, 11, 12, 13, 14, 15, 16, 17, 18, 19, 20, 21, 22, 23, 24, 25, 26, 27, 28, 29, 30, 31, 32, 33, 34, 35, 36, 37, 38, 39, 40, 41, 42, 43, 44, 45, 46, 47, 48, 49]
No direct edges between 49 and 1
Prune above path :)
-----------------------------------------------------------------
All nodes are visited exactly once
[1, 2, 50, 3, 4, 5, 6, 7, 8, 9, 10, 11, 12, 13, 14, 15, 16, 17, 18, 19, 20, 21, 22, 23, 24, 25, 26, 27, 28, 29, 30, 31, 32, 33, 34, 35, 36, 37, 38, 39, 40, 41, 42, 43, 44, 45, 46, 47, 48, 49]
No direct edges between 49 and 1
Prune above path :)
-----------------------------------------------------------------
All nodes are visited exactly once
[1, 2, 3, 4, 5, 6, 7, 8, 9, 10, 11, 12, 13, 14, 15, 16, 17, 18, 19, 20, 21, 22, 23, 24, 25, 26, 27, 28, 29, 30, 31, 50, 49, 48, 47, 46, 45, 44, 43, 42, 41, 40, 39, 38, 37, 36, 35, 34, 33, 32]
No direct edges between 32 and 1
Prune above path :)
-----------------------------------------------------------------
All nodes are visited exactly once
[1, 2, 3, 4, 5, 6, 7, 8, 9, 10, 11, 12, 13, 14, 15, 16, 17, 18, 19, 20, 21, 22, 23, 24, 25, 26, 27, 28, 29, 30, 31, 32, 33, 34, 35, 36, 37, 50, 49, 48, 47, 46, 45, 44, 43, 42, 41, 40, 39, 38]
No direct edges between 38 and 1
Prune above path :)
-----------------------------------------------------------------
All nodes are visited exactly once
[1, 2, 3, 4, 5, 6, 7, 8, 9, 10, 11, 12, 13, 14, 15, 16, 17, 18, 19, 20, 21, 22, 23, 24, 25, 26, 27, 28, 29, 30, 31, 32, 33, 34, 35, 36, 37, 38, 39, 40, 50, 41, 42, 43, 44, 45, 46, 47, 48, 49]
No direct edges between 49 and 1
Prune above path :)
-----------------------------------------------------------------
All nodes are visited exactly once
[1, 2, 3, 4, 5, 6, 7, 8, 9, 10, 11, 12, 13, 14, 15, 16, 17, 18, 19, 20, 21, 22, 23, 24, 25, 26, 27, 28, 29, 30, 31, 32, 33, 34, 35, 36, 37, 38, 39, 50, 40, 41, 42, 43, 44, 45, 46, 47, 48, 49]
No direct edges between 49 and 1
Prune above path :)
-----------------------------------------------------------------
All nodes are visited exactly once
[1, 2, 3, 4, 5, 6, 7, 8, 9, 10, 11, 12, 13, 14, 15, 16, 17, 18, 19, 20, 21, 22, 23, 24, 25, 50, 26, 27, 28, 29, 30, 31, 32, 33, 34, 35, 36, 37, 38, 39, 40, 41, 42, 43, 44, 45, 46, 47, 48, 49]
No direct edges between 49 and 1
Prune above path :)
-----------------------------------------------------------------
All nodes are visited exactly once
[1, 2, 3, 4, 5, 6, 7, 8, 9, 10, 11, 12, 13, 14, 15, 16, 17, 18, 19, 20, 21, 22, 23, 50, 24, 25, 26, 27, 28, 29, 30, 31, 32, 33, 34, 35, 36, 37, 38, 39, 40, 41, 42, 43, 44, 45, 46, 47, 48, 49]
No direct edges between 49 and 1
Prune above path :)
-----------------------------------------------------------------
All nodes are visited exactly once
[1, 2, 3, 4, 5, 6, 7, 8, 9, 10, 11, 12, 13, 14, 15, 16, 17, 18, 19, 20, 21, 22, 50, 23, 24, 25, 26, 27, 28, 29, 30, 31, 32, 33, 34, 35, 36, 37, 38, 39, 40, 41, 42, 43, 44, 45, 46, 47, 48, 49]
No direct edges between 49 and 1
Prune above path :)
-----------------------------------------------------------------
All nodes are visited exactly once
[1, 2, 3, 4, 5, 6, 7, 8, 9, 10, 11, 12, 13, 14, 15, 16, 17, 18, 19, 20, 21, 22, 23, 24, 25, 50, 49, 48, 47, 46, 45, 44, 43, 42, 41, 40, 39, 38, 37, 36, 35, 34, 33, 32, 31, 30, 29, 28, 27, 26]
No direct edges between 26 and 1
Prune above path :)
-----------------------------------------------------------------
All nodes are visited exactly once
[1, 2, 3, 4, 5, 6, 7, 8, 9, 10, 11, 12, 13, 14, 15, 16, 17, 18, 19, 20, 21, 22, 23, 24, 25, 26, 27, 28, 29, 30, 31, 32, 33, 50, 49, 48, 47, 46, 45, 44, 43, 42, 41, 40, 39, 38, 37, 36, 35, 34]
No direct edges between 34 and 1
Prune above path :)
-----------------------------------------------------------------
All nodes are visited exactly once
[1, 2, 3, 4, 5, 6, 7, 8, 9, 10, 11, 12, 13, 14, 15, 16, 17, 18, 19, 20, 21, 22, 23, 24, 25, 26, 27, 28, 29, 30, 31, 32, 33, 34, 35, 36, 37, 38, 39, 40, 41, 42, 43, 44, 45, 50, 46, 47, 48, 49]
No direct edges between 49 and 1
Prune above path :)
-----------------------------------------------------------------
All nodes are visited exactly once
[1, 2, 3, 4, 5, 6, 7, 8, 9, 10, 11, 12, 50, 13, 14, 15, 16, 17, 18, 19, 20, 21, 22, 23, 24, 25, 26, 27, 28, 29, 30, 31, 32, 33, 34, 35, 36, 37, 38, 39, 40, 41, 42, 43, 44, 45, 46, 47, 48, 49]
No direct edges between 49 and 1
Prune above path :)
-----------------------------------------------------------------
All nodes are visited exactly once
[1, 2, 3, 4, 5, 6, 7, 8, 50, 9, 10, 11, 12, 13, 14, 15, 16, 17, 18, 19, 20, 21, 22, 23, 24, 25, 26, 27, 28, 29, 30, 31, 32, 33, 34, 35, 36, 37, 38, 39, 40, 41, 42, 43, 44, 45, 46, 47, 48, 49]
No direct edges between 49 and 1
Prune above path :)
-----------------------------------------------------------------
All nodes are visited exactly once
[1, 2, 3, 4, 5, 6, 7, 8, 9, 10, 11, 12, 13, 14, 15, 16, 17, 18, 19, 20, 21, 22, 23, 24, 25, 26, 27, 28, 29, 30, 31, 32, 33, 34, 35, 36, 37, 38, 39, 40, 41, 42, 43, 44, 45, 46, 47, 48, 50, 49]
No direct edges between 49 and 1
Prune above path :)
-----------------------------------------------------------------
All nodes are visited exactly once
[1, 2, 3, 4, 5, 6, 7, 8, 9, 10, 11, 12, 13, 14, 15, 16, 17, 18, 19, 20, 21, 22, 23, 24, 25, 26, 27, 28, 29, 30, 31, 32, 33, 34, 35, 36, 37, 38, 39, 40, 41, 42, 43, 44, 45, 46, 47, 48, 49, 50]
FN = 242
-----------------------------------------------------------------
All nodes are visited exactly once
[1, 2, 3, 4, 5, 6, 7, 8, 9, 10, 50, 49, 48, 47, 46, 45, 44, 43, 42, 41, 40, 39, 38, 37, 36, 35, 34, 33, 32, 31, 30, 29, 28, 27, 26, 25, 24, 23, 22, 21, 20, 19, 18, 17, 16, 15, 14, 13, 12, 11]
No direct edges between 11 and 1
Prune above path :)
-----------------------------------------------------------------
All nodes are visited exactly once
[1, 2, 3, 4, 5, 6, 7, 8, 9, 10, 11, 12, 13, 14, 15, 16, 17, 18, 19, 20, 21, 22, 23, 24, 25, 26, 27, 28, 29, 30, 31, 32, 33, 34, 35, 36, 37, 38, 39, 40, 50, 49, 48, 47, 46, 45, 44, 43, 42, 41]
No direct edges between 41 and 1
Prune above path :)
-----------------------------------------------------------------
All nodes are visited exactly once
[1, 2, 50, 49, 48, 47, 46, 45, 44, 43, 42, 41, 40, 39, 38, 37, 36, 35, 34, 33, 32, 31, 30, 29, 28, 27, 26, 25, 24, 23, 22, 21, 20, 19, 18, 17, 16, 15, 14, 13, 12, 11, 10, 9, 8, 7, 6, 5, 4, 3]
No direct edges between 3 and 1
Prune above path :)
-----------------------------------------------------------------
All nodes are visited exactly once
[1, 50, 49, 48, 47, 46, 45, 44, 43, 42, 41, 40, 39, 38, 37, 36, 35, 34, 33, 32, 31, 30, 29, 28, 27, 26, 25, 24, 23, 22, 21, 20, 19, 18, 17, 16, 15, 14, 13, 12, 11, 10, 9, 8, 7, 6, 5, 4, 3, 2]
FN = 248
-----------------------------------------------------------------
Path Followed is 
[1, 2, 3, 4, 5, 6, 7, 8, 9, 10, 11, 12, 13, 14, 15, 16, 17, 18, 19, 20, 21, 22, 23, 24, 25, 26, 27, 28, 29, 30, 31, 32, 33, 34, 35, 36, 37, 38, 39, 40, 41, 42, 43, 44, 45, 46, 47, 48, 49, 50, 1]
FN = 251
Max size of FringList during execution = 494
-----------------------------------------------------------------