16 1 1
3014 1 1
3015 1 1
3 2 1
4 2 1
5 2 1
6 2 1
7 2 1
8 2 1
9 2 1
10 2 1
11 2 1
305 2 1
4 3 1
5 3 1
6 3 1
7 3 1
8 3 1
9 3 1
10 3 1
11 3 1
16 3 1
305 3 1
390 3 1
412 3 1
5 4 1
6 4 1
7 4 1
8 4 1
9 4 1
10 4 1
11 4 1
305 4 1
6 5 1
7 5 1
8 5 1
9 5 1
10 5 1
11 5 1
305 5 1
7 6 1
8 6 1
9 6 1
10 6 1
11 6 1
305 6 1
8 7 1
9 7 1
10 7 1
11 7 1
305 7 1
9 8 1
10 8 1
11 8 1
305 8 1
10 9 1
11 9 1
305 9 1
11 10 1
305 10 1
305 11 1
16 12 1
68 12 1
2822 13 1
16 14 1
16 15 1
390 15 1
17 16 1
18 16 1
32 16 1
33 16 1
34 16 1
43 16 1
56 16 1
60 16 1
68 16 1
290 16 1
291 16 1
293 16 1
294 16 1
295 16 1
306 16 1
309 16 1
310 16 1
313 16 1
314 16 1
342 16 1
389 16 1
390 16 1
412 16 1
421 16 1
2818 16 1
2820 16 1
2822 16 1
2824 16 1
2846 16 1
294 17 1
342 18 1
20 19 1
21 19 1
22 19 1
23 19 1
24 19 1
25 19 1
26 19 1
27 19 1
28 19 1
29 19 1
30 19 1
31 19 1
56 19 1
57 19 1
316 19 1
317 19 1
21 20 1
22 20 1
23 20 1
24 20 1
25 20 1
26 20 1
27 20 1
28 20 1
29 20 1
30 20 1
31 20 1
56 20 1
57 20 1
316 20 1
317 20 1
22 21 1
23 21 1
24 21 1
25 21 1
26 21 1
27 21 1
28 21 1
29 21 1
30 21 1
31 21 1
56 21 1
57 21 1
316 21 1
317 21 1
342 21 1
23 22 1
24 22 1
25 22 1
26 22 1
27 22 1
28 22 1
29 22 1
30 22 1
31 22 1
56 22 1
57 22 1
316 22 1
317 22 1
24 23 1
25 23 1
26 23 1
27 23 1
28 23 1
29 23 1
30 23 1
31 23 1
56 23 1
57 23 1
316 23 1
317 23 1
25 24 1
26 24 1
27 24 1
28 24 1
29 24 1
30 24 1
31 24 1
56 24 1
57 24 1
316 24 1
317 24 1
26 25 1
27 25 1
28 25 1
29 25 1
30 25 1
31 25 1
56 25 1
57 25 1
316 25 1
317 25 1
27 26 1
28 26 1
29 26 1
30 26 1
31 26 1
56 26 1
57 26 1
316 26 1
317 26 1
28 27 1
29 27 1
30 27 1
31 27 1
56 27 1
57 27 1
316 27 1
317 27 1
29 28 1
30 28 1
31 28 1
56 28 1
57 28 1
316 28 1
317 28 1
30 29 1
31 29 1
56 29 1
57 29 1
316 29 1
317 29 1
31 30 1
56 30 1
57 30 1
316 30 1
317 30 1
56 31 1
57 31 1
316 31 1
317 31 1
36 35 1
37 35 1
38 35 1
39 35 1
40 35 1
41 35 1
42 35 1
43 35 1
44 35 1
45 35 1
46 35 1
47 35 1
48 35 1
49 35 1
50 35 1
51 35 1
52 35 1
53 35 1
54 35 1
55 35 1
37 36 1
38 36 1
39 36 1
40 36 1
41 36 1
42 36 1
43 36 1
44 36 1
45 36 1
46 36 1
47 36 1
48 36 1
49 36 1
50 36 1
51 36 1
52 36 1
53 36 1
54 36 1
55 36 1
38 37 1
39 37 1
40 37 1
41 37 1
42 37 1
43 37 1
44 37 1
45 37 1
46 37 1
47 37 1
48 37 1
49 37 1
50 37 1
51 37 1
52 37 1
53 37 1
54 37 1
55 37 1
39 38 1
40 38 1
41 38 1
42 38 1
43 38 1
44 38 1
45 38 1
46 38 1
47 38 1
48 38 1
49 38 1
50 38 1
51 38 1
52 38 1
53 38 1
54 38 1
55 38 1
40 39 1
41 39 1
42 39 1
43 39 1
44 39 1
45 39 1
46 39 1
47 39 1
48 39 1
49 39 1
50 39 1
51 39 1
52 39 1
53 39 1
54 39 1
55 39 1
41 40 1
42 40 1
43 40 1
44 40 1
45 40 1
46 40 1
47 40 1
48 40 1
49 40 1
50 40 1
51 40 1
52 40 1
53 40 1
54 40 1
55 40 1
42 41 1
43 41 1
44 41 1
45 41 1
46 41 1
47 41 1
48 41 1
49 41 1
50 41 1
51 41 1
52 41 1
53 41 1
54 41 1
55 41 1
43 42 1
44 42 1
45 42 1
46 42 1
47 42 1
48 42 1
49 42 1
50 42 1
51 42 1
52 42 1
53 42 1
54 42 1
55 42 1
44 43 1
45 43 1
46 43 1
47 43 1
48 43 1
49 43 1
50 43 1
51 43 1
52 43 1
53 43 1
54 43 1
55 43 1
294 43 1
45 44 1
46 44 1
47 44 1
48 44 1
49 44 1
50 44 1
51 44 1
52 44 1
53 44 1
54 44 1
55 44 1
46 45 1
47 45 1
48 45 1
49 45 1
50 45 1
51 45 1
52 45 1
53 45 1
54 45 1
55 45 1
47 46 1
48 46 1
49 46 1
50 46 1
51 46 1
52 46 1
53 46 1
54 46 1
55 46 1
48 47 1
49 47 1
50 47 1
51 47 1
52 47 1
53 47 1
54 47 1
55 47 1
49 48 1
50 48 1
51 48 1
52 48 1
53 48 1
54 48 1
55 48 1
50 49 1
51 49 1
52 49 1
53 49 1
54 49 1
55 49 1
51 50 1
52 50 1
53 50 1
54 50 1
55 50 1
52 51 1
53 51 1
54 51 1
55 51 1
53 52 1
54 52 1
55 52 1
54 53 1
55 53 1
55 54 1
57 56 1
316 56 1
317 56 1
316 57 1
317 57 1
342 57 1
291 58 1
60 59 1
61 59 1
62 59 1
63 59 1
64 59 1
65 59 1
66 59 1
67 59 1
320 59 1
61 60 1
62 60 1
63 60 1
64 60 1
65 60 1
66 60 1
67 60 1
320 60 1
412 60 1
62 61 1
63 61 1
64 61 1
65 61 1
66 61 1
67 61 1
320 61 1
63 62 1
64 62 1
65 62 1
66 62 1
67 62 1
320 62 1
64 63 1
65 63 1
66 63 1
67 63 1
320 63 1
65 64 1
66 64 1
67 64 1
320 64 1
66 65 1
67 65 1
320 65 1
67 66 1
320 66 1
320 67 1
290 69 1
291 70 1
293 71 1
294 72 1
295 73 1
303 74 1
304 75 1
305 76 1
307 77 1
308 78 1
309 79 1
311 80 1
312 81 1
314 82 1
315 83 1
318 84 1
322 85 1
323 86 1
324 87 1
327 88 1
328 89 1
329 90 1
330 91 1
331 92 1
333 93 1
334 94 1
335 95 1
336 96 1
337 97 1
338 98 1
339 99 1
340 100 1
341 101 1
342 102 1
343 103 1
344 104 1
346 105 1
347 106 1
348 107 1
349 108 1
350 109 1
351 110 1
352 111 1
353 112 1
354 113 1
355 114 1
356 115 1
357 116 1
358 117 1
359 118 1
360 119 1
361 120 1
362 121 1
363 122 1
364 123 1
365 124 1
366 125 1
367 126 1
368 127 1
369 128 1
370 129 1
371 130 1
372 131 1
373 132 1
374 133 1
375 134 1
376 135 1
377 136 1
378 137 1
379 138 1
380 139 1
381 140 1
382 141 1
383 142 1
384 143 1
385 144 1
386 145 1
387 146 1
389 147 1
390 148 1
391 149 1
395 150 1
402 151 1
403 152 1
404 153 1
405 154 1
406 155 1
410 156 1
412 157 1
413 158 1
414 159 1
416 160 1
419 161 1
420 162 1
421 163 1
422 164 1
438 165 1
454 166 1
510 167 1
550 168 1
602 169 1
635 170 1
686 171 1
712 172 1
745 173 1
755 174 1
812 175 1
863 176 1
931 177 1
985 178 1
1038 179 1
1089 180 1
1137 181 1
1188 182 1
1240 183 1
1347 184 1
1398 185 1
1452 186 1
1504 187 1
1575 188 1
1631 189 1
1682 190 1
1733 191 1
1785 192 1
1849 193 1
1906 194 1
1957 195 1
2008 196 1
2059 197 1
2111 198 1
2162 199 1
2213 200 1
2264 201 1
2315 202 1
2372 203 1
2423 204 1
2475 205 1
2525 206 1
2576 207 1
2627 208 1
2678 209 1
2731 210 1
2733 211 1
2735 212 1
2753 213 1
2755 214 1
2757 215 1
2760 216 1
2764 217 1
2765 218 1
2767 219 1
2771 220 1
2773 221 1
2775 222 1
2777 223 1
2779 224 1
2782 225 1
2784 226 1
2786 227 1
2788 228 1
2791 229 1
2794 230 1
2799 231 1
2801 232 1
2802 233 1
2806 234 1
2818 235 1
2819 236 1
2820 237 1
2822 238 1
2834 239 1
2838 240 1
2842 241 1
2843 242 1
2844 243 1
2845 244 1
2846 245 1
2847 246 1
2848 247 1
2849 248 1
2850 249 1
2851 250 1
2852 251 1
2853 252 1
2854 253 1
2855 254 1
2856 255 1
2857 256 1
2858 257 1
2859 258 1
2860 259 1
2861 260 1
2862 261 1
2863 262 1
2864 263 1
2865 264 1
2866 265 1
2867 266 1
2868 267 1
2869 268 1
2874 269 1
2885 270 1
2886 271 1
2887 272 1
2888 273 1
2889 274 1
2890 275 1
2891 276 1
2893 277 1
2894 278 1
2895 279 1
2896 280 1
2897 281 1
2898 282 1
2899 283 1
2900 284 1
2901 285 1
2902 286 1
2903 287 1
2904 288 1
2906 289 1
291 290 1
293 290 1
294 290 1
295 290 1
309 290 1
314 290 1
342 290 1
389 290 1
390 290 1
412 290 1
2818 290 1
2820 290 1
2822 290 1
2846 290 1
292 291 1
293 291 1
294 291 1
295 291 1
309 291 1
314 291 1
342 291 1
389 291 1
390 291 1
412 291 1
2818 291 1
2820 291 1
2822 291 1
2846 291 1
294 293 1
295 293 1
309 293 1
314 293 1
342 293 1
389 293 1
390 293 1
412 293 1
2818 293 1
2820 293 1
2822 293 1
2846 293 1
295 294 1
305 294 1
308 294 1
309 294 1
311 294 1
312 294 1
314 294 1
315 294 1
318 294 1
321 294 1
323 294 1
342 294 1
365 294 1
389 294 1
390 294 1
395 294 1
405 294 1
406 294 1
412 294 1
414 294 1
438 294 1
454 294 1
510 294 1
550 294 1
602 294 1
635 294 1
686 294 1
712 294 1
745 294 1
755 294 1
812 294 1
863 294 1
931 294 1
985 294 1
1038 294 1
1089 294 1
1137 294 1
1188 294 1
1240 294 1
1398 294 1
1452 294 1
1504 294 1
1682 294 1
1733 294 1
1849 294 1
1906 294 1
1957 294 1
2059 294 1
2162 294 1
2315 294 1
2525 294 1
2678 294 1
2731 294 1
2764 294 1
2794 294 1
2806 294 1
2818 294 1
2819 294 1
2820 294 1
2822 294 1
2834 294 1
2838 294 1
2846 294 1
2891 294 1
2905 294 1
2906 294 1
296 295 1
297 295 1
298 295 1
299 295 1
300 295 1
301 295 1
302 295 1
309 295 1
312 295 1
314 295 1
342 295 1
377 295 1
389 295 1
390 295 1
412 295 1
414 295 1
2818 295 1
2820 295 1
2822 295 1
2845 295 1
2846 295 1
2847 295 1
2887 295 1
2891 295 1
412 303 1
412 304 1
412 307 1
389 308 1
2822 308 1
314 309 1
342 309 1
389 309 1
390 309 1
412 309 1
2818 309 1
2820 309 1
2822 309 1
2846 309 1
342 314 1
389 314 1
390 314 1
401 314 1
412 314 1
2818 314 1
2820 314 1
2822 314 1
2846 314 1
342 315 1
317 316 1
389 318 1
2822 318 1
421 319 1
422 319 1
342 322 1
342 324 1
342 325 1
342 326 1
342 327 1
342 328 1
342 329 1
342 330 1
332 331 1
342 331 1
342 333 1
342 334 1
342 335 1
342 336 1
342 337 1
342 338 1
342 339 1
342 340 1
342 341 1
343 342 1
344 342 1
346 342 1
347 342 1
348 342 1
349 342 1
350 342 1
351 342 1
352 342 1
353 342 1
354 342 1
355 342 1
356 342 1
357 342 1
358 342 1
359 342 1
360 342 1
361 342 1
362 342 1
363 342 1
364 342 1
365 342 1
366 342 1
367 342 1
368 342 1
369 342 1
370 342 1
371 342 1
372 342 1
373 342 1
374 342 1
375 342 1
376 342 1
377 342 1
378 342 1
379 342 1
380 342 1
381 342 1
382 342 1
383 342 1
384 342 1
385 342 1
386 342 1
387 342 1
389 342 1
390 342 1
391 342 1
412 342 1
2818 342 1
2819 342 1
2820 342 1
2822 342 1
2846 342 1
346 345 1
390 360 1
389 388 1
390 389 1
391 389 1
412 389 1
414 389 1
715 389 1
2818 389 1
2820 389 1
2822 389 1
2846 389 1
391 390 1
395 390 1
412 390 1
414 390 1
420 390 1
2818 390 1
2820 390 1
2822 390 1
2846 390 1
2822 391 1
393 392 1
394 392 1
395 392 1
396 392 1
397 392 1
398 392 1
399 392 1
400 392 1
394 393 1
395 393 1
396 393 1
397 393 1
398 393 1
399 393 1
400 393 1
395 394 1
396 394 1
397 394 1
398 394 1
399 394 1
400 394 1
396 395 1
397 395 1
398 395 1
399 395 1
400 395 1
397 396 1
398 396 1
399 396 1
400 396 1
398 397 1
399 397 1
400 397 1
399 398 1
400 398 1
400 399 1
412 402 1
412 403 1
412 404 1
412 405 1
2818 405 1
412 406 1
2818 406 1
408 407 1
409 407 1
410 407 1
411 407 1
409 408 1
410 408 1
411 408 1
410 409 1
411 409 1
411 410 1
412 410 1
2818 410 1
413 412 1
414 412 1
416 412 1
419 412 1
420 412 1
421 412 1
422 412 1
2733 412 1
2753 412 1
2755 412 1
2757 412 1
2760 412 1
2764 412 1
2765 412 1
2767 412 1
2771 412 1
2773 412 1
2775 412 1
2777 412 1
2779 412 1
2782 412 1
2784 412 1
2786 412 1
2788 412 1
2791 412 1
2799 412 1
2802 412 1
2818 412 1
2820 412 1
2822 412 1
2846 412 1
416 415 1
417 415 1
418 415 1
417 416 1
418 416 1
418 417 1
422 421 1
2814 422 1
2818 423 1
2818 424 1
426 425 1
438 425 1
427 426 1
438 426 1
428 427 1
438 427 1
429 428 1
438 428 1
430 429 1
438 429 1
431 430 1
438 430 1
432 431 1
438 431 1
433 432 1
438 432 1
434 433 1
438 433 1
435 434 1
438 434 1
436 435 1
438 435 1
437 436 1
438 436 1
438 437 1
2818 438 1
2818 439 1
441 440 1
454 440 1
442 441 1
454 441 1
443 442 1
454 442 1
444 443 1
454 443 1
445 444 1
454 444 1
446 445 1
454 445 1
447 446 1
454 446 1
448 447 1
454 447 1
449 448 1
454 448 1
450 449 1
454 449 1
451 450 1
454 450 1
452 451 1
454 451 1
453 452 1
454 452 1
454 453 1
2818 454 1
2818 455 1
2818 456 1
2818 457 1
459 458 1
510 458 1
460 459 1
510 459 1
461 460 1
510 460 1
462 461 1
510 461 1
463 462 1
510 462 1
464 463 1
510 463 1
465 464 1
510 464 1
466 465 1
510 465 1
467 466 1
510 466 1
468 467 1
510 467 1
469 468 1
510 468 1
470 469 1
510 469 1
471 470 1
510 470 1
472 471 1
510 471 1
473 472 1
510 472 1
474 473 1
510 473 1
475 474 1
510 474 1
476 475 1
510 475 1
477 476 1
510 476 1
478 477 1
510 477 1
479 478 1
510 478 1
480 479 1
510 479 1
481 480 1
510 480 1
482 481 1
510 481 1
483 482 1
510 482 1
484 483 1
510 483 1
485 484 1
510 484 1
486 485 1
510 485 1
487 486 1
510 486 1
488 487 1
510 487 1
489 488 1
510 488 1
490 489 1
510 489 1
491 490 1
510 490 1
492 491 1
510 491 1
493 492 1
510 492 1
494 493 1
510 493 1
495 494 1
510 494 1
496 495 1
510 495 1
497 496 1
510 496 1
498 497 1
510 497 1
499 498 1
510 498 1
500 499 1
510 499 1
501 500 1
510 500 1
502 501 1
510 501 1
503 502 1
510 502 1
504 503 1
510 503 1
505 504 1
510 504 1
506 505 1
510 505 1
507 506 1
510 506 1
508 507 1
510 507 1
509 508 1
510 508 1
510 509 1
2818 510 1
2818 511 1
2818 512 1
2818 513 1
2818 514 1
2818 515 1
517 516 1
550 516 1
518 517 1
550 517 1
519 518 1
550 518 1
520 519 1
550 519 1
521 520 1
550 520 1
522 521 1
550 521 1
523 522 1
550 522 1
524 523 1
550 523 1
525 524 1
550 524 1
526 525 1
550 525 1
527 526 1
550 526 1
528 527 1
550 527 1
529 528 1
550 528 1
530 529 1
550 529 1
531 530 1
550 530 1
532 531 1
550 531 1
533 532 1
550 532 1
534 533 1
550 533 1
535 534 1
550 534 1
536 535 1
550 535 1
537 536 1
550 536 1
538 537 1
550 537 1
539 538 1
550 538 1
540 539 1
550 539 1
541 540 1
550 540 1
542 541 1
550 541 1
543 542 1
550 542 1
544 543 1
550 543 1
545 544 1
550 544 1
546 545 1
550 545 1
547 546 1
550 546 1
548 547 1
550 547 1
549 548 1
550 548 1
550 549 1
2818 550 1
2818 551 1
553 552 1
602 552 1
554 553 1
602 553 1
555 554 1
602 554 1
556 555 1
602 555 1
557 556 1
602 556 1
558 557 1
602 557 1
559 558 1
602 558 1
560 559 1
602 559 1
561 560 1
602 560 1
562 561 1
602 561 1
563 562 1
602 562 1
564 563 1
602 563 1
565 564 1
602 564 1
566 565 1
602 565 1
567 566 1
602 566 1
568 567 1
602 567 1
569 568 1
602 568 1
570 569 1
602 569 1
571 570 1
602 570 1
572 571 1
602 571 1
573 572 1
602 572 1
574 573 1
602 573 1
575 574 1
602 574 1
576 575 1
602 575 1
577 576 1
602 576 1
578 577 1
602 577 1
579 578 1
602 578 1
580 579 1
602 579 1
581 580 1
602 580 1
582 581 1
602 581 1
583 582 1
602 582 1
584 583 1
602 583 1
585 584 1
602 584 1
586 585 1
602 585 1
587 586 1
602 586 1
588 587 1
602 587 1
589 588 1
602 588 1
590 589 1
602 589 1
591 590 1
602 590 1
592 591 1
602 591 1
593 592 1
602 592 1
594 593 1
602 593 1
595 594 1
602 594 1
596 595 1
602 595 1
597 596 1
602 596 1
598 597 1
602 597 1
599 598 1
602 598 1
600 599 1
602 599 1
601 600 1
602 600 1
602 601 1
2818 602 1
604 603 1
635 603 1
605 604 1
635 604 1
606 605 1
635 605 1
607 606 1
635 606 1
608 607 1
635 607 1
609 608 1
635 608 1
610 609 1
635 609 1
611 610 1
635 610 1
612 611 1
635 611 1
613 612 1
635 612 1
614 613 1
635 613 1
615 614 1
635 614 1
616 615 1
635 615 1
617 616 1
635 616 1
618 617 1
635 617 1
619 618 1
635 618 1
620 619 1
635 619 1
621 620 1
635 620 1
622 621 1
635 621 1
623 622 1
635 622 1
624 623 1
635 623 1
625 624 1
635 624 1
626 625 1
635 625 1
627 626 1
635 626 1
628 627 1
635 627 1
629 628 1
635 628 1
630 629 1
635 629 1
631 630 1
635 630 1
632 631 1
635 631 1
633 632 1
635 632 1
634 633 1
635 633 1
635 634 1
2818 635 1
637 636 1
686 636 1
638 637 1
686 637 1
639 638 1
686 638 1
640 639 1
686 639 1
641 640 1
686 640 1
642 641 1
686 641 1
643 642 1
686 642 1
644 643 1
686 643 1
645 644 1
686 644 1
646 645 1
686 645 1
647 646 1
686 646 1
648 647 1
686 647 1
649 648 1
686 648 1
650 649 1
686 649 1
651 650 1
686 650 1
652 651 1
686 651 1
653 652 1
686 652 1
654 653 1
686 653 1
655 654 1
686 654 1
656 655 1
686 655 1
657 656 1
686 656 1
658 657 1
686 657 1
659 658 1
686 658 1
660 659 1
686 659 1
661 660 1
686 660 1
662 661 1
686 661 1
663 662 1
686 662 1
664 663 1
686 663 1
665 664 1
686 664 1
666 665 1
686 665 1
667 666 1
686 666 1
668 667 1
686 667 1
669 668 1
686 668 1
670 669 1
686 669 1
671 670 1
686 670 1
672 671 1
686 671 1
673 672 1
686 672 1
674 673 1
686 673 1
675 674 1
686 674 1
676 675 1
686 675 1
677 676 1
686 676 1
678 677 1
686 677 1
679 678 1
686 678 1
680 679 1
686 679 1
681 680 1
686 680 1
682 681 1
686 681 1
683 682 1
686 682 1
684 683 1
686 683 1
685 684 1
686 684 1
686 685 1
2818 686 1
2818 687 1
689 688 1
712 688 1
690 689 1
712 689 1
691 690 1
712 690 1
692 691 1
712 691 1
693 692 1
712 692 1
694 693 1
712 693 1
695 694 1
712 694 1
696 695 1
712 695 1
697 696 1
712 696 1
698 697 1
712 697 1
699 698 1
712 698 1
700 699 1
712 699 1
701 700 1
712 700 1
702 701 1
712 701 1
703 702 1
712 702 1
704 703 1
712 703 1
705 704 1
712 704 1
706 705 1
712 705 1
707 706 1
712 706 1
708 707 1
712 707 1
709 708 1
712 708 1
710 709 1
712 709 1
711 710 1
712 710 1
712 711 1
2818 712 1
2818 713 1
2818 714 1
716 715 1
2818 716 1
2818 717 1
2818 718 1
720 719 1
745 719 1
721 720 1
745 720 1
722 721 1
745 721 1
723 722 1
745 722 1
724 723 1
745 723 1
725 724 1
745 724 1
726 725 1
745 725 1
727 726 1
745 726 1
728 727 1
745 727 1
729 728 1
745 728 1
730 729 1
745 729 1
731 730 1
745 730 1
732 731 1
745 731 1
733 732 1
745 732 1
734 733 1
745 733 1
735 734 1
745 734 1
736 735 1
745 735 1
737 736 1
745 736 1
738 737 1
745 737 1
739 738 1
745 738 1
740 739 1
745 739 1
741 740 1
745 740 1
742 741 1
745 741 1
743 742 1
745 742 1
744 743 1
745 743 1
745 744 1
2818 745 1
747 746 1
755 746 1
748 747 1
755 747 1
749 748 1
755 748 1
750 749 1
755 749 1
751 750 1
755 750 1
752 751 1
755 751 1
753 752 1
755 752 1
754 753 1
755 753 1
755 754 1
2818 755 1
2818 756 1
758 757 1
812 757 1
759 758 1
812 758 1
760 759 1
812 759 1
761 760 1
812 760 1
762 761 1
812 761 1
763 762 1
812 762 1
764 763 1
812 763 1
765 764 1
812 764 1
766 765 1
812 765 1
767 766 1
812 766 1
768 767 1
812 767 1
769 768 1
812 768 1
770 769 1
812 769 1
771 770 1
812 770 1
772 771 1
812 771 1
773 772 1
812 772 1
774 773 1
812 773 1
775 774 1
812 774 1
776 775 1
812 775 1
777 776 1
812 776 1
778 777 1
812 777 1
779 778 1
812 778 1
780 779 1
812 779 1
781 780 1
812 780 1
782 781 1
812 781 1
783 782 1
812 782 1
784 783 1
812 783 1
785 784 1
812 784 1
786 785 1
812 785 1
787 786 1
812 786 1
788 787 1
812 787 1
789 788 1
812 788 1
790 789 1
812 789 1
791 790 1
812 790 1
792 791 1
812 791 1
793 792 1
812 792 1
794 793 1
812 793 1
795 794 1
812 794 1
796 795 1
812 795 1
797 796 1
812 796 1
798 797 1
812 797 1
799 798 1
812 798 1
800 799 1
812 799 1
801 800 1
812 800 1
802 801 1
812 801 1
803 802 1
812 802 1
804 803 1
812 803 1
805 804 1
812 804 1
806 805 1
812 805 1
807 806 1
812 806 1
808 807 1
812 807 1
809 808 1
812 808 1
810 809 1
812 809 1
811 810 1
812 810 1
812 811 1
2818 812 1
814 813 1
863 813 1
815 814 1
863 814 1
816 815 1
863 815 1
817 816 1
863 816 1
818 817 1
863 817 1
819 818 1
863 818 1
820 819 1
863 819 1
821 820 1
863 820 1
822 821 1
863 821 1
823 822 1
863 822 1
824 823 1
863 823 1
825 824 1
863 824 1
826 825 1
863 825 1
827 826 1
863 826 1
828 827 1
863 827 1
829 828 1
863 828 1
830 829 1
863 829 1
831 830 1
863 830 1
832 831 1
863 831 1
833 832 1
863 832 1
834 833 1
863 833 1
835 834 1
863 834 1
836 835 1
863 835 1
837 836 1
863 836 1
838 837 1
863 837 1
839 838 1
863 838 1
840 839 1
863 839 1
841 840 1
863 840 1
842 841 1
863 841 1
843 842 1
863 842 1
844 843 1
863 843 1
845 844 1
863 844 1
846 845 1
863 845 1
847 846 1
863 846 1
848 847 1
863 847 1
849 848 1
863 848 1
850 849 1
863 849 1
851 850 1
863 850 1
852 851 1
863 851 1
853 852 1
863 852 1
854 853 1
863 853 1
855 854 1
863 854 1
856 855 1
863 855 1
857 856 1
863 856 1
858 857 1
863 857 1
859 858 1
863 858 1
860 859 1
863 859 1
861 860 1
863 860 1
862 861 1
863 861 1
863 862 1
2818 863 1
2818 864 1
2818 865 1
2818 866 1
2818 867 1
2818 868 1
2818 869 1
2818 870 1
2818 871 1
2818 872 1
874 873 1
931 873 1
875 874 1
931 874 1
876 875 1
931 875 1
877 876 1
931 876 1
878 877 1
931 877 1
879 878 1
931 878 1
880 879 1
931 879 1
881 880 1
931 880 1
882 881 1
931 881 1
883 882 1
931 882 1
884 883 1
931 883 1
885 884 1
931 884 1
886 885 1
931 885 1
887 886 1
931 886 1
888 887 1
931 887 1
889 888 1
931 888 1
890 889 1
931 889 1
891 890 1
931 890 1
892 891 1
931 891 1
893 892 1
931 892 1
894 893 1
931 893 1
895 894 1
931 894 1
896 895 1
931 895 1
897 896 1
931 896 1
898 897 1
931 897 1
899 898 1
931 898 1
900 899 1
931 899 1
901 900 1
931 900 1
902 901 1
931 901 1
903 902 1
931 902 1
904 903 1
931 903 1
905 904 1
931 904 1
906 905 1
931 905 1
907 906 1
931 906 1
908 907 1
931 907 1
909 908 1
931 908 1
910 909 1
931 909 1
911 910 1
931 910 1
912 911 1
931 911 1
913 912 1
931 912 1
914 913 1
931 913 1
915 914 1
931 914 1
916 915 1
931 915 1
917 916 1
931 916 1
918 917 1
931 917 1
919 918 1
931 918 1
920 919 1
931 919 1
921 920 1
931 920 1
922 921 1
931 921 1
923 922 1
931 922 1
924 923 1
931 923 1
925 924 1
931 924 1
926 925 1
931 925 1
927 926 1
931 926 1
928 927 1
931 927 1
929 928 1
931 928 1
930 929 1
931 929 1
931 930 1
2818 931 1
2818 932 1
2818 933 1
935 934 1
985 934 1
936 935 1
985 935 1
937 936 1
985 936 1
938 937 1
985 937 1
939 938 1
985 938 1
940 939 1
985 939 1
941 940 1
985 940 1
942 941 1
985 941 1
943 942 1
985 942 1
944 943 1
985 943 1
945 944 1
985 944 1
946 945 1
985 945 1
947 946 1
985 946 1
948 947 1
985 947 1
949 948 1
985 948 1
950 949 1
985 949 1
951 950 1
985 950 1
952 951 1
985 951 1
953 952 1
985 952 1
954 953 1
985 953 1
955 954 1
985 954 1
956 955 1
985 955 1
957 956 1
985 956 1
958 957 1
985 957 1
959 958 1
985 958 1
960 959 1
985 959 1
961 960 1
985 960 1
962 961 1
985 961 1
963 962 1
985 962 1
964 963 1
985 963 1
965 964 1
985 964 1
966 965 1
985 965 1
967 966 1
985 966 1
968 967 1
985 967 1
969 968 1
985 968 1
970 969 1
985 969 1
971 970 1
985 970 1
972 971 1
985 971 1
973 972 1
985 972 1
974 973 1
985 973 1
975 974 1
985 974 1
976 975 1
985 975 1
977 976 1
985 976 1
978 977 1
985 977 1
979 978 1
985 978 1
980 979 1
985 979 1
981 980 1
985 980 1
982 981 1
985 981 1
983 982 1
985 982 1
984 983 1
985 983 1
985 984 1
2818 985 1
987 986 1
1038 986 1
988 987 1
1038 987 1
989 988 1
1038 988 1
990 989 1
1038 989 1
991 990 1
1038 990 1
992 991 1
1038 991 1
993 992 1
1038 992 1
994 993 1
1038 993 1
995 994 1
1038 994 1
996 995 1
1038 995 1
997 996 1
1038 996 1
998 997 1
1038 997 1
999 998 1
1038 998 1
1000 999 1
1038 999 1
1001 1000 1
1038 1000 1
1002 1001 1
1038 1001 1
1003 1002 1
1038 1002 1
1004 1003 1
1038 1003 1
1005 1004 1
1038 1004 1
1006 1005 1
1038 1005 1
1007 1006 1
1038 1006 1
1008 1007 1
1038 1007 1
1009 1008 1
1038 1008 1
1010 1009 1
1038 1009 1
1011 1010 1
1038 1010 1
1012 1011 1
1038 1011 1
1013 1012 1
1038 1012 1
1014 1013 1
1038 1013 1
1015 1014 1
1038 1014 1
1016 1015 1
1038 1015 1
1017 1016 1
1038 1016 1
1018 1017 1
1038 1017 1
1019 1018 1
1038 1018 1
1020 1019 1
1038 1019 1
1021 1020 1
1038 1020 1
1022 1021 1
1038 1021 1
1023 1022 1
1038 1022 1
1024 1023 1
1038 1023 1
1025 1024 1
1038 1024 1
1026 1025 1
1038 1025 1
1027 1026 1
1038 1026 1
1028 1027 1
1038 1027 1
1029 1028 1
1038 1028 1
1030 1029 1
1038 1029 1
1031 1030 1
1038 1030 1
1032 1031 1
1038 1031 1
1033 1032 1
1038 1032 1
1034 1033 1
1038 1033 1
1035 1034 1
1038 1034 1
1036 1035 1
1038 1035 1
1037 1036 1
1038 1036 1
1038 1037 1
2818 1038 1
1040 1039 1
1089 1039 1
1041 1040 1
1089 1040 1
1042 1041 1
1089 1041 1
1043 1042 1
1089 1042 1
1044 1043 1
1089 1043 1
1045 1044 1
1089 1044 1
1046 1045 1
1089 1045 1
1047 1046 1
1089 1046 1
1048 1047 1
1089 1047 1
1049 1048 1
1089 1048 1
1050 1049 1
1089 1049 1
1051 1050 1
1089 1050 1
1052 1051 1
1089 1051 1
1053 1052 1
1089 1052 1
1054 1053 1
1089 1053 1
1055 1054 1
1089 1054 1
1056 1055 1
1089 1055 1
1057 1056 1
1089 1056 1
1058 1057 1
1089 1057 1
1059 1058 1
1089 1058 1
1060 1059 1
1089 1059 1
1061 1060 1
1089 1060 1
1062 1061 1
1089 1061 1
1063 1062 1
1089 1062 1
1064 1063 1
1089 1063 1
1065 1064 1
1089 1064 1
1066 1065 1
1089 1065 1
1067 1066 1
1089 1066 1
1068 1067 1
1089 1067 1
1069 1068 1
1089 1068 1
1070 1069 1
1089 1069 1
1071 1070 1
1089 1070 1
1072 1071 1
1089 1071 1
1073 1072 1
1089 1072 1
1074 1073 1
1089 1073 1
1075 1074 1
1089 1074 1
1076 1075 1
1089 1075 1
1077 1076 1
1089 1076 1
1078 1077 1
1089 1077 1
1079 1078 1
1089 1078 1
1080 1079 1
1089 1079 1
1081 1080 1
1089 1080 1
1082 1081 1
1089 1081 1
1083 1082 1
1089 1082 1
1084 1083 1
1089 1083 1
1085 1084 1
1089 1084 1
1086 1085 1
1089 1085 1
1087 1086 1
1089 1086 1
1088 1087 1
1089 1087 1
1089 1088 1
2818 1089 1
2818 1090 1
2818 1091 1
1093 1092 1
1137 1092 1
1094 1093 1
1137 1093 1
1095 1094 1
1137 1094 1
1096 1095 1
1137 1095 1
1097 1096 1
1137 1096 1
1098 1097 1
1137 1097 1
1099 1098 1
1137 1098 1
1100 1099 1
1137 1099 1
1101 1100 1
1137 1100 1
1102 1101 1
1137 1101 1
1103 1102 1
1137 1102 1
1104 1103 1
1137 1103 1
1105 1104 1
1137 1104 1
1106 1105 1
1137 1105 1
1107 1106 1
1137 1106 1
1108 1107 1
1137 1107 1
1109 1108 1
1137 1108 1
1110 1109 1
1137 1109 1
1111 1110 1
1137 1110 1
1112 1111 1
1137 1111 1
1113 1112 1
1137 1112 1
1114 1113 1
1137 1113 1
1115 1114 1
1137 1114 1
1116 1115 1
1137 1115 1
1117 1116 1
1137 1116 1
1118 1117 1
1137 1117 1
1119 1118 1
1137 1118 1
1120 1119 1
1137 1119 1
1121 1120 1
1137 1120 1
1122 1121 1
1137 1121 1
1123 1122 1
1137 1122 1
1124 1123 1
1137 1123 1
1125 1124 1
1137 1124 1
1126 1125 1
1137 1125 1
1127 1126 1
1137 1126 1
1128 1127 1
1137 1127 1
1129 1128 1
1137 1128 1
1130 1129 1
1137 1129 1
1131 1130 1
1137 1130 1
1132 1131 1
1137 1131 1
1133 1132 1
1137 1132 1
1134 1133 1
1137 1133 1
1135 1134 1
1137 1134 1
1136 1135 1
1137 1135 1
1137 1136 1
2818 1137 1
1139 1138 1
1188 1138 1
1140 1139 1
1188 1139 1
1141 1140 1
1188 1140 1
1142 1141 1
1188 1141 1
1143 1142 1
1188 1142 1
1144 1143 1
1188 1143 1
1145 1144 1
1188 1144 1
1146 1145 1
1188 1145 1
1147 1146 1
1188 1146 1
1148 1147 1
1188 1147 1
1149 1148 1
1188 1148 1
1150 1149 1
1188 1149 1
1151 1150 1
1188 1150 1
1152 1151 1
1188 1151 1
1153 1152 1
1188 1152 1
1154 1153 1
1188 1153 1
1155 1154 1
1188 1154 1
1156 1155 1
1188 1155 1
1157 1156 1
1188 1156 1
1158 1157 1
1188 1157 1
1159 1158 1
1188 1158 1
1160 1159 1
1188 1159 1
1161 1160 1
1188 1160 1
1162 1161 1
1188 1161 1
1163 1162 1
1188 1162 1
1164 1163 1
1188 1163 1
1165 1164 1
1188 1164 1
1166 1165 1
1188 1165 1
1167 1166 1
1188 1166 1
1168 1167 1
1188 1167 1
1169 1168 1
1188 1168 1
1170 1169 1
1188 1169 1
1171 1170 1
1188 1170 1
1172 1171 1
1188 1171 1
1173 1172 1
1188 1172 1
1174 1173 1
1188 1173 1
1175 1174 1
1188 1174 1
1176 1175 1
1188 1175 1
1177 1176 1
1188 1176 1
1178 1177 1
1188 1177 1
1179 1178 1
1188 1178 1
1180 1179 1
1188 1179 1
1181 1180 1
1188 1180 1
1182 1181 1
1188 1181 1
1183 1182 1
1188 1182 1
1184 1183 1
1188 1183 1
1185 1184 1
1188 1184 1
1186 1185 1
1188 1185 1
1187 1186 1
1188 1186 1
1188 1187 1
2818 1188 1
1190 1189 1
1240 1189 1
1191 1190 1
1240 1190 1
1192 1191 1
1240 1191 1
1193 1192 1
1240 1192 1
1194 1193 1
1240 1193 1
1195 1194 1
1240 1194 1
1196 1195 1
1240 1195 1
1197 1196 1
1240 1196 1
1198 1197 1
1240 1197 1
1199 1198 1
1240 1198 1
1200 1199 1
1240 1199 1
1201 1200 1
1240 1200 1
1202 1201 1
1240 1201 1
1203 1202 1
1240 1202 1
1204 1203 1
1240 1203 1
1205 1204 1
1240 1204 1
1206 1205 1
1240 1205 1
1207 1206 1
1240 1206 1
1208 1207 1
1240 1207 1
1209 1208 1
1240 1208 1
1210 1209 1
1240 1209 1
1211 1210 1
1240 1210 1
1212 1211 1
1240 1211 1
1213 1212 1
1240 1212 1
1214 1213 1
1240 1213 1
1215 1214 1
1240 1214 1
1216 1215 1
1240 1215 1
1217 1216 1
1240 1216 1
1218 1217 1
1240 1217 1
1219 1218 1
1240 1218 1
1220 1219 1
1240 1219 1
1221 1220 1
1240 1220 1
1222 1221 1
1240 1221 1
1223 1222 1
1240 1222 1
1224 1223 1
1240 1223 1
1225 1224 1
1240 1224 1
1226 1225 1
1240 1225 1
1227 1226 1
1240 1226 1
1228 1227 1
1240 1227 1
1229 1228 1
1240 1228 1
1230 1229 1
1240 1229 1
1231 1230 1
1240 1230 1
1232 1231 1
1240 1231 1
1233 1232 1
1240 1232 1
1234 1233 1
1240 1233 1
1235 1234 1
1240 1234 1
1236 1235 1
1240 1235 1
1237 1236 1
1240 1236 1
1238 1237 1
1240 1237 1
1239 1238 1
1240 1238 1
1240 1239 1
2818 1240 1
1242 1241 1
1292 1241 1
1243 1242 1
1292 1242 1
1244 1243 1
1292 1243 1
1245 1244 1
1292 1244 1
1246 1245 1
1292 1245 1
1247 1246 1
1292 1246 1
1248 1247 1
1292 1247 1
1249 1248 1
1292 1248 1
1250 1249 1
1292 1249 1
1251 1250 1
1292 1250 1
1252 1251 1
1292 1251 1
1253 1252 1
1292 1252 1
1254 1253 1
1292 1253 1
1255 1254 1
1292 1254 1
1256 1255 1
1292 1255 1
1257 1256 1
1292 1256 1
1258 1257 1
1292 1257 1
1259 1258 1
1292 1258 1
1260 1259 1
1292 1259 1
1261 1260 1
1292 1260 1
1262 1261 1
1292 1261 1
1263 1262 1
1292 1262 1
1264 1263 1
1292 1263 1
1265 1264 1
1292 1264 1
1266 1265 1
1292 1265 1
1267 1266 1
1292 1266 1
1268 1267 1
1292 1267 1
1269 1268 1
1292 1268 1
1270 1269 1
1292 1269 1
1271 1270 1
1292 1270 1
1272 1271 1
1292 1271 1
1273 1272 1
1292 1272 1
1274 1273 1
1292 1273 1
1275 1274 1
1292 1274 1
1276 1275 1
1292 1275 1
1277 1276 1
1292 1276 1
1278 1277 1
1292 1277 1
1279 1278 1
1292 1278 1
1280 1279 1
1292 1279 1
1281 1280 1
1292 1280 1
1282 1281 1
1292 1281 1
1283 1282 1
1292 1282 1
1284 1283 1
1292 1283 1
1285 1284 1
1292 1284 1
1286 1285 1
1292 1285 1
1287 1286 1
1292 1286 1
1288 1287 1
1292 1287 1
1289 1288 1
1292 1288 1
1290 1289 1
1292 1289 1
1291 1290 1
1292 1290 1
1292 1291 1
2818 1292 1
1294 1293 1
1347 1293 1
1295 1294 1
1347 1294 1
1296 1295 1
1347 1295 1
1297 1296 1
1347 1296 1
1298 1297 1
1347 1297 1
1299 1298 1
1347 1298 1
1300 1299 1
1347 1299 1
1301 1300 1
1347 1300 1
1302 1301 1
1347 1301 1
1303 1302 1
1347 1302 1
1304 1303 1
1347 1303 1
1305 1304 1
1347 1304 1
1306 1305 1
1347 1305 1
1307 1306 1
1347 1306 1
1308 1307 1
1347 1307 1
1309 1308 1
1347 1308 1
1310 1309 1
1347 1309 1
1311 1310 1
1347 1310 1
1312 1311 1
1347 1311 1
1313 1312 1
1347 1312 1
1314 1313 1
1347 1313 1
1315 1314 1
1347 1314 1
1316 1315 1
1347 1315 1
1317 1316 1
1347 1316 1
1318 1317 1
1347 1317 1
1319 1318 1
1347 1318 1
1320 1319 1
1347 1319 1
1321 1320 1
1347 1320 1
1322 1321 1
1347 1321 1
1323 1322 1
1347 1322 1
1324 1323 1
1347 1323 1
1325 1324 1
1347 1324 1
1326 1325 1
1347 1325 1
1327 1326 1
1347 1326 1
1328 1327 1
1347 1327 1
1329 1328 1
1347 1328 1
1330 1329 1
1347 1329 1
1331 1330 1
1347 1330 1
1332 1331 1
1347 1331 1
1333 1332 1
1347 1332 1
1334 1333 1
1347 1333 1
1335 1334 1
1347 1334 1
1336 1335 1
1347 1335 1
1337 1336 1
1347 1336 1
1338 1337 1
1347 1337 1
1339 1338 1
1347 1338 1
1347 1339 1
1341 1340 1
1347 1340 1
1342 1341 1
1347 1341 1
1343 1342 1
1347 1342 1
1344 1343 1
1347 1343 1
1345 1344 1
1347 1344 1
1346 1345 1
1347 1345 1
1347 1346 1
2818 1347 1
1349 1348 1
1398 1348 1
1350 1349 1
1398 1349 1
1351 1350 1
1398 1350 1
1352 1351 1
1398 1351 1
1353 1352 1
1398 1352 1
1354 1353 1
1398 1353 1
1355 1354 1
1398 1354 1
1356 1355 1
1398 1355 1
1357 1356 1
1398 1356 1
1358 1357 1
1398 1357 1
1359 1358 1
1398 1358 1
1360 1359 1
1398 1359 1
1361 1360 1
1398 1360 1
1362 1361 1
1398 1361 1
1363 1362 1
1398 1362 1
1364 1363 1
1398 1363 1
1365 1364 1
1398 1364 1
1366 1365 1
1398 1365 1
1367 1366 1
1398 1366 1
1368 1367 1
1398 1367 1
1369 1368 1
1398 1368 1
1370 1369 1
1398 1369 1
1371 1370 1
1398 1370 1
1372 1371 1
1398 1371 1
1373 1372 1
1398 1372 1
1374 1373 1
1398 1373 1
1375 1374 1
1398 1374 1
1376 1375 1
1398 1375 1
1377 1376 1
1398 1376 1
1378 1377 1
1398 1377 1
1379 1378 1
1398 1378 1
1380 1379 1
1398 1379 1
1381 1380 1
1398 1380 1
1382 1381 1
1398 1381 1
1383 1382 1
1398 1382 1
1384 1383 1
1398 1383 1
1385 1384 1
1398 1384 1
1386 1385 1
1398 1385 1
1387 1386 1
1398 1386 1
1388 1387 1
1398 1387 1
1389 1388 1
1398 1388 1
1390 1389 1
1398 1389 1
1391 1390 1
1398 1390 1
1392 1391 1
1398 1391 1
1393 1392 1
1398 1392 1
1394 1393 1
1398 1393 1
1395 1394 1
1398 1394 1
1396 1395 1
1398 1395 1
1397 1396 1
1398 1396 1
1398 1397 1
2818 1398 1
1400 1399 1
1452 1399 1
1401 1400 1
1452 1400 1
1402 1401 1
1452 1401 1
1403 1402 1
1452 1402 1
1404 1403 1
1452 1403 1
1405 1404 1
1452 1404 1
1406 1405 1
1452 1405 1
1407 1406 1
1452 1406 1
1408 1407 1
1452 1407 1
1409 1408 1
1452 1408 1
1410 1409 1
1452 1409 1
1411 1410 1
1452 1410 1
1412 1411 1
1452 1411 1
1413 1412 1
1452 1412 1
1414 1413 1
1452 1413 1
1415 1414 1
1452 1414 1
1416 1415 1
1452 1415 1
1417 1416 1
1452 1416 1
1418 1417 1
1452 1417 1
1419 1418 1
1452 1418 1
1420 1419 1
1452 1419 1
1421 1420 1
1452 1420 1
1422 1421 1
1452 1421 1
1423 1422 1
1452 1422 1
1424 1423 1
1452 1423 1
1425 1424 1
1452 1424 1
1426 1425 1
1452 1425 1
1427 1426 1
1452 1426 1
1428 1427 1
1452 1427 1
1429 1428 1
1452 1428 1
1430 1429 1
1452 1429 1
1431 1430 1
1452 1430 1
1432 1431 1
1452 1431 1
1433 1432 1
1452 1432 1
1434 1433 1
1452 1433 1
1435 1434 1
1452 1434 1
1436 1435 1
1452 1435 1
1437 1436 1
1452 1436 1
1438 1437 1
1452 1437 1
1439 1438 1
1452 1438 1
1440 1439 1
1452 1439 1
1441 1440 1
1452 1440 1
1442 1441 1
1452 1441 1
1443 1442 1
1452 1442 1
1444 1443 1
1452 1443 1
1445 1444 1
1452 1444 1
1446 1445 1
1452 1445 1
1447 1446 1
1452 1446 1
1448 1447 1
1452 1447 1
1449 1448 1
1452 1448 1
1450 1449 1
1452 1449 1
1451 1450 1
1452 1450 1
1452 1451 1
2818 1452 1
1454 1453 1
1504 1453 1
1455 1454 1
1504 1454 1
1456 1455 1
1504 1455 1
1457 1456 1
1504 1456 1
1458 1457 1
1504 1457 1
1459 1458 1
1504 1458 1
1460 1459 1
1504 1459 1
1461 1460 1
1504 1460 1
1462 1461 1
1504 1461 1
1463 1462 1
1504 1462 1
1464 1463 1
1504 1463 1
1465 1464 1
1504 1464 1
1466 1465 1
1504 1465 1
1467 1466 1
1504 1466 1
1468 1467 1
1504 1467 1
1469 1468 1
1504 1468 1
1470 1469 1
1504 1469 1
1471 1470 1
1504 1470 1
1472 1471 1
1504 1471 1
1473 1472 1
1504 1472 1
1474 1473 1
1504 1473 1
1475 1474 1
1504 1474 1
1476 1475 1
1504 1475 1
1477 1476 1
1504 1476 1
1478 1477 1
1504 1477 1
1479 1478 1
1504 1478 1
1480 1479 1
1504 1479 1
1481 1480 1
1504 1480 1
1482 1481 1
1504 1481 1
1483 1482 1
1504 1482 1
1484 1483 1
1504 1483 1
1485 1484 1
1504 1484 1
1486 1485 1
1504 1485 1
1487 1486 1
1504 1486 1
1488 1487 1
1504 1487 1
1489 1488 1
1504 1488 1
1490 1489 1
1504 1489 1
1491 1490 1
1504 1490 1
1492 1491 1
1504 1491 1
1493 1492 1
1504 1492 1
1494 1493 1
1504 1493 1
1495 1494 1
1504 1494 1
1496 1495 1
1504 1495 1
1497 1496 1
1504 1496 1
1498 1497 1
1504 1497 1
1499 1498 1
1504 1498 1
1500 1499 1
1504 1499 1
1501 1500 1
1504 1500 1
1502 1501 1
1504 1501 1
1503 1502 1
1504 1502 1
1504 1503 1
2818 1504 1
1506 1505 1
1575 1505 1
1507 1506 1
1575 1506 1
1508 1507 1
1575 1507 1
1509 1508 1
1575 1508 1
1510 1509 1
1575 1509 1
1511 1510 1
1575 1510 1
1512 1511 1
1575 1511 1
1513 1512 1
1575 1512 1
1514 1513 1
1575 1513 1
1515 1514 1
1575 1514 1
1516 1515 1
1575 1515 1
1517 1516 1
1575 1516 1
1518 1517 1
1575 1517 1
1519 1518 1
1575 1518 1
1520 1519 1
1575 1519 1
1521 1520 1
1575 1520 1
1522 1521 1
1575 1521 1
1523 1522 1
1575 1522 1
1524 1523 1
1575 1523 1
1525 1524 1
1575 1524 1
1526 1525 1
1575 1525 1
1527 1526 1
1575 1526 1
1528 1527 1
1575 1527 1
1529 1528 1
1575 1528 1
1530 1529 1
1575 1529 1
1531 1530 1
1575 1530 1
1532 1531 1
1575 1531 1
1533 1532 1
1575 1532 1
1534 1533 1
1575 1533 1
1535 1534 1
1575 1534 1
1536 1535 1
1575 1535 1
1537 1536 1
1575 1536 1
1538 1537 1
1575 1537 1
1539 1538 1
1575 1538 1
1540 1539 1
1575 1539 1
1541 1540 1
1575 1540 1
1542 1541 1
1575 1541 1
1543 1542 1
1575 1542 1
1544 1543 1
1575 1543 1
1545 1544 1
1575 1544 1
1546 1545 1
1575 1545 1
1547 1546 1
1575 1546 1
1548 1547 1
1575 1547 1
1549 1548 1
1575 1548 1
1550 1549 1
1575 1549 1
1551 1550 1
1575 1550 1
1552 1551 1
1575 1551 1
1553 1552 1
1575 1552 1
1554 1553 1
1575 1553 1
1555 1554 1
1575 1554 1
1556 1555 1
1575 1555 1
1557 1556 1
1575 1556 1
1558 1557 1
1575 1557 1
1559 1558 1
1575 1558 1
1560 1559 1
1575 1559 1
1561 1560 1
1575 1560 1
1562 1561 1
1575 1561 1
1563 1562 1
1575 1562 1
1564 1563 1
1575 1563 1
1565 1564 1
1575 1564 1
1566 1565 1
1575 1565 1
1567 1566 1
1575 1566 1
1568 1567 1
1575 1567 1
1569 1568 1
1575 1568 1
1570 1569 1
1575 1569 1
1571 1570 1
1575 1570 1
1572 1571 1
1575 1571 1
1573 1572 1
1575 1572 1
1574 1573 1
1575 1573 1
1575 1574 1
2818 1575 1
1577 1576 1
1631 1576 1
1578 1577 1
1631 1577 1
1579 1578 1
1631 1578 1
1580 1579 1
1631 1579 1
1581 1580 1
1631 1580 1
1582 1581 1
1631 1581 1
1583 1582 1
1631 1582 1
1584 1583 1
1631 1583 1
1585 1584 1
1631 1584 1
1586 1585 1
1631 1585 1
1587 1586 1
1631 1586 1
1588 1587 1
1631 1587 1
1589 1588 1
1631 1588 1
1590 1589 1
1631 1589 1
1591 1590 1
1631 1590 1
1592 1591 1
1631 1591 1
1593 1592 1
1631 1592 1
1594 1593 1
1631 1593 1
1595 1594 1
1631 1594 1
1596 1595 1
1631 1595 1
1597 1596 1
1631 1596 1
1598 1597 1
1631 1597 1
1599 1598 1
1631 1598 1
1600 1599 1
1631 1599 1
1601 1600 1
1631 1600 1
1602 1601 1
1631 1601 1
1603 1602 1
1631 1602 1
1604 1603 1
1631 1603 1
1605 1604 1
1631 1604 1
1606 1605 1
1631 1605 1
1607 1606 1
1631 1606 1
1608 1607 1
1631 1607 1
1609 1608 1
1631 1608 1
1610 1609 1
1631 1609 1
1611 1610 1
1631 1610 1
1612 1611 1
1631 1611 1
1613 1612 1
1631 1612 1
1614 1613 1
1631 1613 1
1615 1614 1
1631 1614 1
1616 1615 1
1631 1615 1
1617 1616 1
1631 1616 1
1618 1617 1
1631 1617 1
1619 1618 1
1631 1618 1
1620 1619 1
1631 1619 1
1621 1620 1
1631 1620 1
1622 1621 1
1631 1621 1
1623 1622 1
1631 1622 1
1624 1623 1
1631 1623 1
1625 1624 1
1631 1624 1
1626 1625 1
1631 1625 1
1627 1626 1
1631 1626 1
1628 1627 1
1631 1627 1
1629 1628 1
1631 1628 1
1630 1629 1
1631 1629 1
1631 1630 1
2818 1631 1
1633 1632 1
1682 1632 1
1634 1633 1
1682 1633 1
1635 1634 1
1682 1634 1
1636 1635 1
1682 1635 1
1637 1636 1
1682 1636 1
1638 1637 1
1682 1637 1
1639 1638 1
1682 1638 1
1640 1639 1
1682 1639 1
1641 1640 1
1682 1640 1
1642 1641 1
1682 1641 1
1643 1642 1
1682 1642 1
1644 1643 1
1682 1643 1
1645 1644 1
1682 1644 1
1646 1645 1
1682 1645 1
1647 1646 1
1682 1646 1
1648 1647 1
1682 1647 1
1649 1648 1
1682 1648 1
1650 1649 1
1682 1649 1
1651 1650 1
1682 1650 1
1652 1651 1
1682 1651 1
1653 1652 1
1682 1652 1
1654 1653 1
1682 1653 1
1655 1654 1
1682 1654 1
1656 1655 1
1682 1655 1
1657 1656 1
1682 1656 1
1658 1657 1
1682 1657 1
1659 1658 1
1682 1658 1
1660 1659 1
1682 1659 1
1661 1660 1
1682 1660 1
1662 1661 1
1682 1661 1
1663 1662 1
1682 1662 1
1664 1663 1
1682 1663 1
1665 1664 1
1682 1664 1
1666 1665 1
1682 1665 1
1667 1666 1
1682 1666 1
1668 1667 1
1682 1667 1
1669 1668 1
1682 1668 1
1670 1669 1
1682 1669 1
1671 1670 1
1682 1670 1
1672 1671 1
1682 1671 1
1673 1672 1
1682 1672 1
1674 1673 1
1682 1673 1
1675 1674 1
1682 1674 1
1676 1675 1
1682 1675 1
1677 1676 1
1682 1676 1
1678 1677 1
1682 1677 1
1679 1678 1
1682 1678 1
1680 1679 1
1682 1679 1
1681 1680 1
1682 1680 1
1682 1681 1
2818 1682 1
1684 1683 1
1733 1683 1
1685 1684 1
1733 1684 1
1686 1685 1
1733 1685 1
1687 1686 1
1733 1686 1
1688 1687 1
1733 1687 1
1689 1688 1
1733 1688 1
1690 1689 1
1733 1689 1
1691 1690 1
1733 1690 1
1692 1691 1
1733 1691 1
1693 1692 1
1733 1692 1
1694 1693 1
1733 1693 1
1695 1694 1
1733 1694 1
1696 1695 1
1733 1695 1
1697 1696 1
1733 1696 1
1698 1697 1
1733 1697 1
1699 1698 1
1733 1698 1
1700 1699 1
1733 1699 1
1701 1700 1
1733 1700 1
1702 1701 1
1733 1701 1
1703 1702 1
1733 1702 1
1704 1703 1
1733 1703 1
1705 1704 1
1733 1704 1
1706 1705 1
1733 1705 1
1707 1706 1
1733 1706 1
1708 1707 1
1733 1707 1
1709 1708 1
1733 1708 1
1710 1709 1
1733 1709 1
1711 1710 1
1733 1710 1
1712 1711 1
1733 1711 1
1713 1712 1
1733 1712 1
1714 1713 1
1733 1713 1
1715 1714 1
1733 1714 1
1716 1715 1
1733 1715 1
1717 1716 1
1733 1716 1
1718 1717 1
1733 1717 1
1719 1718 1
1733 1718 1
1720 1719 1
1733 1719 1
1721 1720 1
1733 1720 1
1722 1721 1
1733 1721 1
1723 1722 1
1733 1722 1
1724 1723 1
1733 1723 1
1725 1724 1
1733 1724 1
1726 1725 1
1733 1725 1
1727 1726 1
1733 1726 1
1728 1727 1
1733 1727 1
1729 1728 1
1733 1728 1
1730 1729 1
1733 1729 1
1731 1730 1
1733 1730 1
1732 1731 1
1733 1731 1
1733 1732 1
2818 1733 1
1735 1734 1
1785 1734 1
1736 1735 1
1785 1735 1
1737 1736 1
1785 1736 1
1738 1737 1
1785 1737 1
1739 1738 1
1785 1738 1
1740 1739 1
1785 1739 1
1741 1740 1
1785 1740 1
1742 1741 1
1785 1741 1
1743 1742 1
1785 1742 1
1744 1743 1
1785 1743 1
1745 1744 1
1785 1744 1
1746 1745 1
1785 1745 1
1747 1746 1
1785 1746 1
1748 1747 1
1785 1747 1
1749 1748 1
1785 1748 1
1750 1749 1
1785 1749 1
1751 1750 1
1785 1750 1
1752 1751 1
1785 1751 1
1753 1752 1
1785 1752 1
1754 1753 1
1785 1753 1
1755 1754 1
1785 1754 1
1756 1755 1
1785 1755 1
1757 1756 1
1785 1756 1
1758 1757 1
1785 1757 1
1759 1758 1
1785 1758 1
1760 1759 1
1785 1759 1
1761 1760 1
1785 1760 1
1762 1761 1
1785 1761 1
1763 1762 1
1785 1762 1
1764 1763 1
1785 1763 1
1765 1764 1
1785 1764 1
1766 1765 1
1785 1765 1
1767 1766 1
1785 1766 1
1768 1767 1
1785 1767 1
1769 1768 1
1785 1768 1
1770 1769 1
1785 1769 1
1771 1770 1
1785 1770 1
1772 1771 1
1785 1771 1
1773 1772 1
1785 1772 1
1774 1773 1
1785 1773 1
1775 1774 1
1785 1774 1
1776 1775 1
1785 1775 1
1777 1776 1
1785 1776 1
1778 1777 1
1785 1777 1
1779 1778 1
1785 1778 1
1780 1779 1
1785 1779 1
1781 1780 1
1785 1780 1
1782 1781 1
1785 1781 1
1783 1782 1
1785 1782 1
1784 1783 1
1785 1783 1
1785 1784 1
2818 1785 1
1787 1786 1
1849 1786 1
1788 1787 1
1849 1787 1
1789 1788 1
1849 1788 1
1790 1789 1
1849 1789 1
1791 1790 1
1849 1790 1
1792 1791 1
1849 1791 1
1793 1792 1
1849 1792 1
1794 1793 1
1849 1793 1
1795 1794 1
1849 1794 1
1796 1795 1
1849 1795 1
1797 1796 1
1849 1796 1
1798 1797 1
1849 1797 1
1799 1798 1
1849 1798 1
1800 1799 1
1849 1799 1
1801 1800 1
1849 1800 1
1802 1801 1
1849 1801 1
1803 1802 1
1849 1802 1
1804 1803 1
1849 1803 1
1805 1804 1
1849 1804 1
1806 1805 1
1849 1805 1
1807 1806 1
1849 1806 1
1808 1807 1
1849 1807 1
1809 1808 1
1849 1808 1
1810 1809 1
1849 1809 1
1811 1810 1
1849 1810 1
1812 1811 1
1849 1811 1
1813 1812 1
1849 1812 1
1814 1813 1
1849 1813 1
1815 1814 1
1849 1814 1
1816 1815 1
1849 1815 1
1817 1816 1
1849 1816 1
1818 1817 1
1849 1817 1
1819 1818 1
1849 1818 1
1820 1819 1
1849 1819 1
1821 1820 1
1849 1820 1
1822 1821 1
1849 1821 1
1823 1822 1
1849 1822 1
1824 1823 1
1849 1823 1
1825 1824 1
1849 1824 1
1826 1825 1
1849 1825 1
1827 1826 1
1849 1826 1
1828 1827 1
1849 1827 1
1829 1828 1
1849 1828 1
1830 1829 1
1849 1829 1
1831 1830 1
1849 1830 1
1832 1831 1
1849 1831 1
1833 1832 1
1849 1832 1
1834 1833 1
1849 1833 1
1835 1834 1
1849 1834 1
1836 1835 1
1849 1835 1
1837 1836 1
1849 1836 1
1838 1837 1
1849 1837 1
1839 1838 1
1849 1838 1
1840 1839 1
1849 1839 1
1841 1840 1
1849 1840 1
1842 1841 1
1849 1841 1
1843 1842 1
1849 1842 1
1844 1843 1
1849 1843 1
1845 1844 1
1849 1844 1
1846 1845 1
1849 1845 1
1847 1846 1
1849 1846 1
1848 1847 1
1849 1847 1
1849 1848 1
2818 1849 1
1851 1850 1
1906 1850 1
1852 1851 1
1906 1851 1
1853 1852 1
1906 1852 1
1854 1853 1
1906 1853 1
1855 1854 1
1906 1854 1
1856 1855 1
1906 1855 1
1857 1856 1
1906 1856 1
1858 1857 1
1906 1857 1
1859 1858 1
1906 1858 1
1860 1859 1
1906 1859 1
1861 1860 1
1906 1860 1
1862 1861 1
1906 1861 1
1863 1862 1
1906 1862 1
1864 1863 1
1906 1863 1
1865 1864 1
1906 1864 1
1866 1865 1
1906 1865 1
1867 1866 1
1906 1866 1
1868 1867 1
1906 1867 1
1869 1868 1
1906 1868 1
1870 1869 1
1906 1869 1
1871 1870 1
1906 1870 1
1872 1871 1
1906 1871 1
1873 1872 1
1906 1872 1
1874 1873 1
1906 1873 1
1875 1874 1
1906 1874 1
1876 1875 1
1906 1875 1
1877 1876 1
1906 1876 1
1878 1877 1
1906 1877 1
1879 1878 1
1906 1878 1
1880 1879 1
1906 1879 1
1881 1880 1
1906 1880 1
1882 1881 1
1906 1881 1
1883 1882 1
1906 1882 1
1884 1883 1
1906 1883 1
1885 1884 1
1906 1884 1
1886 1885 1
1906 1885 1
1887 1886 1
1906 1886 1
1888 1887 1
1906 1887 1
1889 1888 1
1906 1888 1
1890 1889 1
1906 1889 1
1891 1890 1
1906 1890 1
1892 1891 1
1906 1891 1
1893 1892 1
1906 1892 1
1894 1893 1
1906 1893 1
1895 1894 1
1906 1894 1
1896 1895 1
1906 1895 1
1897 1896 1
1906 1896 1
1898 1897 1
1906 1897 1
1899 1898 1
1906 1898 1
1900 1899 1
1906 1899 1
1901 1900 1
1906 1900 1
1902 1901 1
1906 1901 1
1903 1902 1
1906 1902 1
1904 1903 1
1906 1903 1
1905 1904 1
1906 1904 1
1906 1905 1
2818 1906 1
1908 1907 1
1957 1907 1
1909 1908 1
1957 1908 1
1910 1909 1
1957 1909 1
1911 1910 1
1957 1910 1
1912 1911 1
1957 1911 1
1913 1912 1
1957 1912 1
1914 1913 1
1957 1913 1
1915 1914 1
1957 1914 1
1916 1915 1
1957 1915 1
1917 1916 1
1957 1916 1
1918 1917 1
1957 1917 1
1919 1918 1
1957 1918 1
1920 1919 1
1957 1919 1
1921 1920 1
1957 1920 1
1922 1921 1
1957 1921 1
1923 1922 1
1957 1922 1
1924 1923 1
1957 1923 1
1925 1924 1
1957 1924 1
1926 1925 1
1957 1925 1
1927 1926 1
1957 1926 1
1928 1927 1
1957 1927 1
1929 1928 1
1957 1928 1
1930 1929 1
1957 1929 1
1931 1930 1
1957 1930 1
1932 1931 1
1957 1931 1
1933 1932 1
1957 1932 1
1934 1933 1
1957 1933 1
1935 1934 1
1957 1934 1
1936 1935 1
1957 1935 1
1937 1936 1
1957 1936 1
1938 1937 1
1957 1937 1
1939 1938 1
1957 1938 1
1940 1939 1
1957 1939 1
1941 1940 1
1957 1940 1
1942 1941 1
1957 1941 1
1943 1942 1
1957 1942 1
1944 1943 1
1957 1943 1
1945 1944 1
1957 1944 1
1946 1945 1
1957 1945 1
1947 1946 1
1957 1946 1
1948 1947 1
1957 1947 1
1949 1948 1
1957 1948 1
1950 1949 1
1957 1949 1
1951 1950 1
1957 1950 1
1952 1951 1
1957 1951 1
1953 1952 1
1957 1952 1
1954 1953 1
1957 1953 1
1955 1954 1
1957 1954 1
1956 1955 1
1957 1955 1
1957 1956 1
2818 1957 1
1959 1958 1
2008 1958 1
1960 1959 1
2008 1959 1
1961 1960 1
2008 1960 1
1962 1961 1
2008 1961 1
1963 1962 1
2008 1962 1
1964 1963 1
2008 1963 1
1965 1964 1
2008 1964 1
1966 1965 1
2008 1965 1
1967 1966 1
2008 1966 1
1968 1967 1
2008 1967 1
1969 1968 1
2008 1968 1
1970 1969 1
2008 1969 1
1971 1970 1
2008 1970 1
1972 1971 1
2008 1971 1
1973 1972 1
2008 1972 1
1974 1973 1
2008 1973 1
1975 1974 1
2008 1974 1
1976 1975 1
2008 1975 1
1977 1976 1
2008 1976 1
1978 1977 1
2008 1977 1
1979 1978 1
2008 1978 1
1980 1979 1
2008 1979 1
1981 1980 1
2008 1980 1
1982 1981 1
2008 1981 1
1983 1982 1
2008 1982 1
1984 1983 1
2008 1983 1
1985 1984 1
2008 1984 1
1986 1985 1
2008 1985 1
1987 1986 1
2008 1986 1
1988 1987 1
2008 1987 1
1989 1988 1
2008 1988 1
1990 1989 1
2008 1989 1
1991 1990 1
2008 1990 1
1992 1991 1
2008 1991 1
1993 1992 1
2008 1992 1
1994 1993 1
2008 1993 1
1995 1994 1
2008 1994 1
1996 1995 1
2008 1995 1
1997 1996 1
2008 1996 1
1998 1997 1
2008 1997 1
1999 1998 1
2008 1998 1
2000 1999 1
2008 1999 1
2001 2000 1
2008 2000 1
2002 2001 1
2008 2001 1
2003 2002 1
2008 2002 1
2004 2003 1
2008 2003 1
2005 2004 1
2008 2004 1
2006 2005 1
2008 2005 1
2007 2006 1
2008 2006 1
2008 2007 1
2818 2008 1
2010 2009 1
2059 2009 1
2011 2010 1
2059 2010 1
2012 2011 1
2059 2011 1
2013 2012 1
2059 2012 1
2014 2013 1
2059 2013 1
2015 2014 1
2059 2014 1
2016 2015 1
2059 2015 1
2017 2016 1
2059 2016 1
2018 2017 1
2059 2017 1
2019 2018 1
2059 2018 1
2020 2019 1
2059 2019 1
2021 2020 1
2059 2020 1
2022 2021 1
2059 2021 1
2023 2022 1
2059 2022 1
2024 2023 1
2059 2023 1
2025 2024 1
2059 2024 1
2026 2025 1
2059 2025 1
2027 2026 1
2059 2026 1
2028 2027 1
2059 2027 1
2029 2028 1
2059 2028 1
2030 2029 1
2059 2029 1
2031 2030 1
2059 2030 1
2032 2031 1
2059 2031 1
2033 2032 1
2059 2032 1
2034 2033 1
2059 2033 1
2035 2034 1
2059 2034 1
2036 2035 1
2059 2035 1
2037 2036 1
2059 2036 1
2038 2037 1
2059 2037 1
2039 2038 1
2059 2038 1
2040 2039 1
2059 2039 1
2041 2040 1
2059 2040 1
2042 2041 1
2059 2041 1
2043 2042 1
2059 2042 1
2044 2043 1
2059 2043 1
2045 2044 1
2059 2044 1
2046 2045 1
2059 2045 1
2047 2046 1
2059 2046 1
2048 2047 1
2059 2047 1
2049 2048 1
2059 2048 1
2050 2049 1
2059 2049 1
2051 2050 1
2059 2050 1
2052 2051 1
2059 2051 1
2053 2052 1
2059 2052 1
2054 2053 1
2059 2053 1
2055 2054 1
2059 2054 1
2056 2055 1
2059 2055 1
2057 2056 1
2059 2056 1
2058 2057 1
2059 2057 1
2059 2058 1
2818 2059 1
2061 2060 1
2111 2060 1
2062 2061 1
2111 2061 1
2063 2062 1
2111 2062 1
2064 2063 1
2111 2063 1
2065 2064 1
2111 2064 1
2066 2065 1
2111 2065 1
2067 2066 1
2111 2066 1
2068 2067 1
2111 2067 1
2069 2068 1
2111 2068 1
2070 2069 1
2111 2069 1
2071 2070 1
2111 2070 1
2072 2071 1
2111 2071 1
2073 2072 1
2111 2072 1
2074 2073 1
2111 2073 1
2075 2074 1
2111 2074 1
2076 2075 1
2111 2075 1
2077 2076 1
2111 2076 1
2078 2077 1
2111 2077 1
2079 2078 1
2111 2078 1
2080 2079 1
2111 2079 1
2081 2080 1
2111 2080 1
2082 2081 1
2111 2081 1
2083 2082 1
2111 2082 1
2084 2083 1
2111 2083 1
2085 2084 1
2111 2084 1
2086 2085 1
2111 2085 1
2087 2086 1
2111 2086 1
2088 2087 1
2111 2087 1
2089 2088 1
2111 2088 1
2090 2089 1
2111 2089 1
2091 2090 1
2111 2090 1
2092 2091 1
2111 2091 1
2093 2092 1
2111 2092 1
2094 2093 1
2111 2093 1
2095 2094 1
2111 2094 1
2096 2095 1
2111 2095 1
2097 2096 1
2111 2096 1
2098 2097 1
2111 2097 1
2099 2098 1
2111 2098 1
2100 2099 1
2111 2099 1
2101 2100 1
2111 2100 1
2102 2101 1
2111 2101 1
2103 2102 1
2111 2102 1
2104 2103 1
2111 2103 1
2105 2104 1
2111 2104 1
2106 2105 1
2111 2105 1
2107 2106 1
2111 2106 1
2108 2107 1
2111 2107 1
2109 2108 1
2111 2108 1
2110 2109 1
2111 2109 1
2111 2110 1
2818 2111 1
2113 2112 1
2162 2112 1
2114 2113 1
2162 2113 1
2115 2114 1
2162 2114 1
2116 2115 1
2162 2115 1
2117 2116 1
2162 2116 1
2118 2117 1
2162 2117 1
2119 2118 1
2162 2118 1
2120 2119 1
2162 2119 1
2121 2120 1
2162 2120 1
2122 2121 1
2162 2121 1
2123 2122 1
2162 2122 1
2124 2123 1
2162 2123 1
2125 2124 1
2162 2124 1
2126 2125 1
2162 2125 1
2127 2126 1
2162 2126 1
2128 2127 1
2162 2127 1
2129 2128 1
2162 2128 1
2130 2129 1
2162 2129 1
2131 2130 1
2162 2130 1
2132 2131 1
2162 2131 1
2133 2132 1
2162 2132 1
2134 2133 1
2162 2133 1
2135 2134 1
2162 2134 1
2136 2135 1
2162 2135 1
2137 2136 1
2162 2136 1
2138 2137 1
2162 2137 1
2139 2138 1
2162 2138 1
2140 2139 1
2162 2139 1
2141 2140 1
2162 2140 1
2142 2141 1
2162 2141 1
2143 2142 1
2162 2142 1
2144 2143 1
2162 2143 1
2145 2144 1
2162 2144 1
2146 2145 1
2162 2145 1
2147 2146 1
2162 2146 1
2148 2147 1
2162 2147 1
2149 2148 1
2162 2148 1
2150 2149 1
2162 2149 1
2151 2150 1
2162 2150 1
2152 2151 1
2162 2151 1
2153 2152 1
2162 2152 1
2154 2153 1
2162 2153 1
2155 2154 1
2162 2154 1
2156 2155 1
2162 2155 1
2157 2156 1
2162 2156 1
2158 2157 1
2162 2157 1
2159 2158 1
2162 2158 1
2160 2159 1
2162 2159 1
2161 2160 1
2162 2160 1
2162 2161 1
2818 2162 1
2164 2163 1
2213 2163 1
2165 2164 1
2213 2164 1
2166 2165 1
2213 2165 1
2167 2166 1
2213 2166 1
2168 2167 1
2213 2167 1
2169 2168 1
2213 2168 1
2170 2169 1
2213 2169 1
2171 2170 1
2213 2170 1
2172 2171 1
2213 2171 1
2173 2172 1
2213 2172 1
2174 2173 1
2213 2173 1
2175 2174 1
2213 2174 1
2176 2175 1
2213 2175 1
2177 2176 1
2213 2176 1
2178 2177 1
2213 2177 1
2179 2178 1
2213 2178 1
2180 2179 1
2213 2179 1
2181 2180 1
2213 2180 1
2182 2181 1
2213 2181 1
2183 2182 1
2213 2182 1
2184 2183 1
2213 2183 1
2185 2184 1
2213 2184 1
2186 2185 1
2213 2185 1
2187 2186 1
2213 2186 1
2188 2187 1
2213 2187 1
2189 2188 1
2213 2188 1
2190 2189 1
2213 2189 1
2191 2190 1
2213 2190 1
2192 2191 1
2213 2191 1
2193 2192 1
2213 2192 1
2194 2193 1
2213 2193 1
2195 2194 1
2213 2194 1
2196 2195 1
2213 2195 1
2197 2196 1
2213 2196 1
2198 2197 1
2213 2197 1
2199 2198 1
2213 2198 1
2200 2199 1
2213 2199 1
2201 2200 1
2213 2200 1
2202 2201 1
2213 2201 1
2203 2202 1
2213 2202 1
2204 2203 1
2213 2203 1
2205 2204 1
2213 2204 1
2206 2205 1
2213 2205 1
2207 2206 1
2213 2206 1
2208 2207 1
2213 2207 1
2209 2208 1
2213 2208 1
2210 2209 1
2213 2209 1
2211 2210 1
2213 2210 1
2212 2211 1
2213 2211 1
2213 2212 1
2818 2213 1
2215 2214 1
2264 2214 1
2216 2215 1
2264 2215 1
2217 2216 1
2264 2216 1
2218 2217 1
2264 2217 1
2219 2218 1
2264 2218 1
2220 2219 1
2264 2219 1
2221 2220 1
2264 2220 1
2222 2221 1
2264 2221 1
2223 2222 1
2264 2222 1
2224 2223 1
2264 2223 1
2225 2224 1
2264 2224 1
2226 2225 1
2264 2225 1
2227 2226 1
2264 2226 1
2228 2227 1
2264 2227 1
2229 2228 1
2264 2228 1
2230 2229 1
2264 2229 1
2231 2230 1
2264 2230 1
2232 2231 1
2264 2231 1
2233 2232 1
2264 2232 1
2234 2233 1
2264 2233 1
2235 2234 1
2264 2234 1
2236 2235 1
2264 2235 1
2237 2236 1
2264 2236 1
2238 2237 1
2264 2237 1
2239 2238 1
2264 2238 1
2240 2239 1
2264 2239 1
2241 2240 1
2264 2240 1
2242 2241 1
2264 2241 1
2243 2242 1
2264 2242 1
2244 2243 1
2264 2243 1
2245 2244 1
2264 2244 1
2246 2245 1
2264 2245 1
2247 2246 1
2264 2246 1
2248 2247 1
2264 2247 1
2249 2248 1
2264 2248 1
2250 2249 1
2264 2249 1
2251 2250 1
2264 2250 1
2252 2251 1
2264 2251 1
2253 2252 1
2264 2252 1
2254 2253 1
2264 2253 1
2255 2254 1
2264 2254 1
2256 2255 1
2264 2255 1
2257 2256 1
2264 2256 1
2258 2257 1
2264 2257 1
2259 2258 1
2264 2258 1
2260 2259 1
2264 2259 1
2261 2260 1
2264 2260 1
2262 2261 1
2264 2261 1
2263 2262 1
2264 2262 1
2264 2263 1
2818 2264 1
2266 2265 1
2315 2265 1
2267 2266 1
2315 2266 1
2268 2267 1
2315 2267 1
2269 2268 1
2315 2268 1
2270 2269 1
2315 2269 1
2271 2270 1
2315 2270 1
2272 2271 1
2315 2271 1
2273 2272 1
2315 2272 1
2274 2273 1
2315 2273 1
2275 2274 1
2315 2274 1
2276 2275 1
2315 2275 1
2277 2276 1
2315 2276 1
2278 2277 1
2315 2277 1
2279 2278 1
2315 2278 1
2280 2279 1
2315 2279 1
2281 2280 1
2315 2280 1
2282 2281 1
2315 2281 1
2283 2282 1
2315 2282 1
2284 2283 1
2315 2283 1
2285 2284 1
2315 2284 1
2286 2285 1
2315 2285 1
2287 2286 1
2315 2286 1
2288 2287 1
2315 2287 1
2289 2288 1
2315 2288 1
2290 2289 1
2315 2289 1
2291 2290 1
2315 2290 1
2292 2291 1
2315 2291 1
2293 2292 1
2315 2292 1
2294 2293 1
2315 2293 1
2295 2294 1
2315 2294 1
2296 2295 1
2315 2295 1
2297 2296 1
2315 2296 1
2298 2297 1
2315 2297 1
2299 2298 1
2315 2298 1
2300 2299 1
2315 2299 1
2301 2300 1
2315 2300 1
2302 2301 1
2315 2301 1
2303 2302 1
2315 2302 1
2304 2303 1
2315 2303 1
2305 2304 1
2315 2304 1
2306 2305 1
2315 2305 1
2307 2306 1
2315 2306 1
2308 2307 1
2315 2307 1
2309 2308 1
2315 2308 1
2310 2309 1
2315 2309 1
2311 2310 1
2315 2310 1
2312 2311 1
2315 2311 1
2313 2312 1
2315 2312 1
2314 2313 1
2315 2313 1
2315 2314 1
2818 2315 1
2317 2316 1
2372 2316 1
2318 2317 1
2372 2317 1
2319 2318 1
2372 2318 1
2320 2319 1
2372 2319 1
2321 2320 1
2372 2320 1
2322 2321 1
2372 2321 1
2323 2322 1
2372 2322 1
2324 2323 1
2372 2323 1
2325 2324 1
2372 2324 1
2326 2325 1
2372 2325 1
2327 2326 1
2372 2326 1
2328 2327 1
2372 2327 1
2329 2328 1
2372 2328 1
2330 2329 1
2372 2329 1
2331 2330 1
2372 2330 1
2332 2331 1
2372 2331 1
2333 2332 1
2372 2332 1
2334 2333 1
2372 2333 1
2335 2334 1
2372 2334 1
2336 2335 1
2372 2335 1
2337 2336 1
2372 2336 1
2338 2337 1
2372 2337 1
2339 2338 1
2372 2338 1
2340 2339 1
2372 2339 1
2341 2340 1
2372 2340 1
2342 2341 1
2372 2341 1
2343 2342 1
2372 2342 1
2344 2343 1
2372 2343 1
2345 2344 1
2372 2344 1
2346 2345 1
2372 2345 1
2347 2346 1
2372 2346 1
2348 2347 1
2372 2347 1
2349 2348 1
2372 2348 1
2350 2349 1
2372 2349 1
2351 2350 1
2372 2350 1
2352 2351 1
2372 2351 1
2353 2352 1
2372 2352 1
2354 2353 1
2372 2353 1
2355 2354 1
2372 2354 1
2356 2355 1
2372 2355 1
2357 2356 1
2372 2356 1
2358 2357 1
2372 2357 1
2359 2358 1
2372 2358 1
2360 2359 1
2372 2359 1
2361 2360 1
2372 2360 1
2362 2361 1
2372 2361 1
2363 2362 1
2372 2362 1
2364 2363 1
2372 2363 1
2365 2364 1
2372 2364 1
2366 2365 1
2372 2365 1
2367 2366 1
2372 2366 1
2368 2367 1
2372 2367 1
2369 2368 1
2372 2368 1
2370 2369 1
2372 2369 1
2371 2370 1
2372 2370 1
2372 2371 1
2818 2372 1
2374 2373 1
2423 2373 1
2375 2374 1
2423 2374 1
2376 2375 1
2423 2375 1
2377 2376 1
2423 2376 1
2378 2377 1
2423 2377 1
2379 2378 1
2423 2378 1
2380 2379 1
2423 2379 1
2381 2380 1
2423 2380 1
2382 2381 1
2423 2381 1
2383 2382 1
2423 2382 1
2384 2383 1
2423 2383 1
2385 2384 1
2423 2384 1
2386 2385 1
2423 2385 1
2387 2386 1
2423 2386 1
2388 2387 1
2423 2387 1
2389 2388 1
2423 2388 1
2390 2389 1
2423 2389 1
2391 2390 1
2423 2390 1
2392 2391 1
2423 2391 1
2393 2392 1
2423 2392 1
2394 2393 1
2423 2393 1
2395 2394 1
2423 2394 1
2396 2395 1
2423 2395 1
2397 2396 1
2423 2396 1
2398 2397 1
2423 2397 1
2399 2398 1
2423 2398 1
2400 2399 1
2423 2399 1
2401 2400 1
2423 2400 1
2402 2401 1
2423 2401 1
2403 2402 1
2423 2402 1
2404 2403 1
2423 2403 1
2405 2404 1
2423 2404 1
2406 2405 1
2423 2405 1
2407 2406 1
2423 2406 1
2408 2407 1
2423 2407 1
2409 2408 1
2423 2408 1
2410 2409 1
2423 2409 1
2411 2410 1
2423 2410 1
2412 2411 1
2423 2411 1
2413 2412 1
2423 2412 1
2414 2413 1
2423 2413 1
2415 2414 1
2423 2414 1
2416 2415 1
2423 2415 1
2417 2416 1
2423 2416 1
2418 2417 1
2423 2417 1
2419 2418 1
2423 2418 1
2420 2419 1
2423 2419 1
2421 2420 1
2423 2420 1
2422 2421 1
2423 2421 1
2423 2422 1
2818 2423 1
2425 2424 1
2475 2424 1
2426 2425 1
2475 2425 1
2427 2426 1
2475 2426 1
2428 2427 1
2475 2427 1
2429 2428 1
2475 2428 1
2430 2429 1
2475 2429 1
2431 2430 1
2475 2430 1
2432 2431 1
2475 2431 1
2433 2432 1
2475 2432 1
2434 2433 1
2475 2433 1
2435 2434 1
2475 2434 1
2436 2435 1
2475 2435 1
2437 2436 1
2475 2436 1
2438 2437 1
2475 2437 1
2439 2438 1
2475 2438 1
2440 2439 1
2475 2439 1
2441 2440 1
2475 2440 1
2442 2441 1
2475 2441 1
2443 2442 1
2475 2442 1
2444 2443 1
2475 2443 1
2445 2444 1
2475 2444 1
2446 2445 1
2475 2445 1
2447 2446 1
2475 2446 1
2448 2447 1
2475 2447 1
2449 2448 1
2475 2448 1
2450 2449 1
2475 2449 1
2451 2450 1
2475 2450 1
2452 2451 1
2475 2451 1
2453 2452 1
2475 2452 1
2454 2453 1
2475 2453 1
2455 2454 1
2475 2454 1
2456 2455 1
2475 2455 1
2457 2456 1
2475 2456 1
2458 2457 1
2475 2457 1
2459 2458 1
2475 2458 1
2460 2459 1
2475 2459 1
2461 2460 1
2475 2460 1
2462 2461 1
2475 2461 1
2463 2462 1
2475 2462 1
2464 2463 1
2475 2463 1
2465 2464 1
2475 2464 1
2466 2465 1
2475 2465 1
2467 2466 1
2475 2466 1
2468 2467 1
2475 2467 1
2469 2468 1
2475 2468 1
2470 2469 1
2475 2469 1
2471 2470 1
2475 2470 1
2472 2471 1
2475 2471 1
2473 2472 1
2475 2472 1
2474 2473 1
2475 2473 1
2475 2474 1
2818 2475 1
2477 2476 1
2525 2476 1
2478 2477 1
2525 2477 1
2479 2478 1
2525 2478 1
2480 2479 1
2525 2479 1
2481 2480 1
2525 2480 1
2482 2481 1
2525 2481 1
2483 2482 1
2525 2482 1
2484 2483 1
2525 2483 1
2485 2484 1
2525 2484 1
2486 2485 1
2525 2485 1
2487 2486 1
2525 2486 1
2488 2487 1
2525 2487 1
2489 2488 1
2525 2488 1
2490 2489 1
2525 2489 1
2491 2490 1
2525 2490 1
2492 2491 1
2525 2491 1
2493 2492 1
2525 2492 1
2494 2493 1
2525 2493 1
2495 2494 1
2525 2494 1
2496 2495 1
2525 2495 1
2497 2496 1
2525 2496 1
2498 2497 1
2525 2497 1
2499 2498 1
2525 2498 1
2500 2499 1
2525 2499 1
2501 2500 1
2525 2500 1
2502 2501 1
2525 2501 1
2503 2502 1
2525 2502 1
2504 2503 1
2525 2503 1
2505 2504 1
2525 2504 1
2506 2505 1
2525 2505 1
2507 2506 1
2525 2506 1
2508 2507 1
2525 2507 1
2509 2508 1
2525 2508 1
2510 2509 1
2525 2509 1
2511 2510 1
2525 2510 1
2512 2511 1
2525 2511 1
2513 2512 1
2525 2512 1
2514 2513 1
2525 2513 1
2515 2514 1
2525 2514 1
2516 2515 1
2525 2515 1
2517 2516 1
2525 2516 1
2518 2517 1
2525 2517 1
2519 2518 1
2525 2518 1
2520 2519 1
2525 2519 1
2521 2520 1
2525 2520 1
2522 2521 1
2525 2521 1
2523 2522 1
2525 2522 1
2525 2523 1
2525 2524 1
2818 2525 1
2527 2526 1
2576 2526 1
2528 2527 1
2576 2527 1
2529 2528 1
2576 2528 1
2530 2529 1
2576 2529 1
2531 2530 1
2576 2530 1
2532 2531 1
2576 2531 1
2533 2532 1
2576 2532 1
2534 2533 1
2576 2533 1
2535 2534 1
2576 2534 1
2536 2535 1
2576 2535 1
2537 2536 1
2576 2536 1
2538 2537 1
2576 2537 1
2539 2538 1
2576 2538 1
2540 2539 1
2576 2539 1
2541 2540 1
2576 2540 1
2542 2541 1
2576 2541 1
2543 2542 1
2576 2542 1
2544 2543 1
2576 2543 1
2545 2544 1
2576 2544 1
2546 2545 1
2576 2545 1
2547 2546 1
2576 2546 1
2548 2547 1
2576 2547 1
2549 2548 1
2576 2548 1
2550 2549 1
2576 2549 1
2551 2550 1
2576 2550 1
2552 2551 1
2576 2551 1
2553 2552 1
2576 2552 1
2554 2553 1
2576 2553 1
2555 2554 1
2576 2554 1
2556 2555 1
2576 2555 1
2557 2556 1
2576 2556 1
2558 2557 1
2576 2557 1
2559 2558 1
2576 2558 1
2560 2559 1
2576 2559 1
2561 2560 1
2576 2560 1
2562 2561 1
2576 2561 1
2563 2562 1
2576 2562 1
2564 2563 1
2576 2563 1
2565 2564 1
2576 2564 1
2566 2565 1
2576 2565 1
2567 2566 1
2576 2566 1
2568 2567 1
2576 2567 1
2569 2568 1
2576 2568 1
2570 2569 1
2576 2569 1
2571 2570 1
2576 2570 1
2572 2571 1
2576 2571 1
2573 2572 1
2576 2572 1
2574 2573 1
2576 2573 1
2575 2574 1
2576 2574 1
2576 2575 1
2818 2576 1
2578 2577 1
2627 2577 1
2579 2578 1
2627 2578 1
2580 2579 1
2627 2579 1
2581 2580 1
2627 2580 1
2582 2581 1
2627 2581 1
2583 2582 1
2627 2582 1
2584 2583 1
2627 2583 1
2585 2584 1
2627 2584 1
2586 2585 1
2627 2585 1
2587 2586 1
2627 2586 1
2588 2587 1
2627 2587 1
2589 2588 1
2627 2588 1
2590 2589 1
2627 2589 1
2591 2590 1
2627 2590 1
2592 2591 1
2627 2591 1
2593 2592 1
2627 2592 1
2594 2593 1
2627 2593 1
2595 2594 1
2627 2594 1
2596 2595 1
2627 2595 1
2597 2596 1
2627 2596 1
2598 2597 1
2627 2597 1
2599 2598 1
2627 2598 1
2600 2599 1
2627 2599 1
2601 2600 1
2627 2600 1
2602 2601 1
2627 2601 1
2603 2602 1
2627 2602 1
2604 2603 1
2627 2603 1
2605 2604 1
2627 2604 1
2606 2605 1
2627 2605 1
2607 2606 1
2627 2606 1
2608 2607 1
2627 2607 1
2609 2608 1
2627 2608 1
2610 2609 1
2627 2609 1
2611 2610 1
2627 2610 1
2612 2611 1
2627 2611 1
2613 2612 1
2627 2612 1
2614 2613 1
2627 2613 1
2615 2614 1
2627 2614 1
2616 2615 1
2627 2615 1
2617 2616 1
2627 2616 1
2618 2617 1
2627 2617 1
2619 2618 1
2627 2618 1
2620 2619 1
2627 2619 1
2621 2620 1
2627 2620 1
2622 2621 1
2627 2621 1
2623 2622 1
2627 2622 1
2624 2623 1
2627 2623 1
2625 2624 1
2627 2624 1
2626 2625 1
2627 2625 1
2627 2626 1
2818 2627 1
2629 2628 1
2678 2628 1
2630 2629 1
2678 2629 1
2631 2630 1
2678 2630 1
2632 2631 1
2678 2631 1
2633 2632 1
2678 2632 1
2634 2633 1
2678 2633 1
2635 2634 1
2678 2634 1
2636 2635 1
2678 2635 1
2637 2636 1
2678 2636 1
2638 2637 1
2678 2637 1
2639 2638 1
2678 2638 1
2640 2639 1
2678 2639 1
2641 2640 1
2678 2640 1
2642 2641 1
2678 2641 1
2643 2642 1
2678 2642 1
2644 2643 1
2678 2643 1
2645 2644 1
2678 2644 1
2646 2645 1
2678 2645 1
2647 2646 1
2678 2646 1
2648 2647 1
2678 2647 1
2649 2648 1
2678 2648 1
2650 2649 1
2678 2649 1
2651 2650 1
2678 2650 1
2652 2651 1
2678 2651 1
2653 2652 1
2678 2652 1
2654 2653 1
2678 2653 1
2655 2654 1
2678 2654 1
2656 2655 1
2678 2655 1
2657 2656 1
2678 2656 1
2658 2657 1
2678 2657 1
2659 2658 1
2678 2658 1
2660 2659 1
2678 2659 1
2661 2660 1
2678 2660 1
2662 2661 1
2678 2661 1
2663 2662 1
2678 2662 1
2664 2663 1
2678 2663 1
2665 2664 1
2678 2664 1
2666 2665 1
2678 2665 1
2667 2666 1
2678 2666 1
2668 2667 1
2678 2667 1
2669 2668 1
2678 2668 1
2670 2669 1
2678 2669 1
2671 2670 1
2678 2670 1
2672 2671 1
2678 2671 1
2673 2672 1
2678 2672 1
2674 2673 1
2678 2673 1
2675 2674 1
2678 2674 1
2676 2675 1
2678 2675 1
2677 2676 1
2678 2676 1
2678 2677 1
2818 2678 1
2680 2679 1
2731 2679 1
2681 2680 1
2731 2680 1
2682 2681 1
2731 2681 1
2683 2682 1
2731 2682 1
2684 2683 1
2731 2683 1
2685 2684 1
2731 2684 1
2686 2685 1
2731 2685 1
2687 2686 1
2731 2686 1
2688 2687 1
2731 2687 1
2689 2688 1
2731 2688 1
2690 2689 1
2731 2689 1
2691 2690 1
2731 2690 1
2692 2691 1
2731 2691 1
2693 2692 1
2731 2692 1
2694 2693 1
2731 2693 1
2695 2694 1
2731 2694 1
2696 2695 1
2731 2695 1
2697 2696 1
2731 2696 1
2698 2697 1
2731 2697 1
2699 2698 1
2731 2698 1
2700 2699 1
2731 2699 1
2701 2700 1
2731 2700 1
2702 2701 1
2731 2701 1
2703 2702 1
2731 2702 1
2704 2703 1
2731 2703 1
2705 2704 1
2731 2704 1
2706 2705 1
2731 2705 1
2707 2706 1
2731 2706 1
2708 2707 1
2731 2707 1
2709 2708 1
2731 2708 1
2710 2709 1
2731 2709 1
2711 2710 1
2731 2710 1
2712 2711 1
2731 2711 1
2713 2712 1
2731 2712 1
2714 2713 1
2731 2713 1
2715 2714 1
2731 2714 1
2716 2715 1
2731 2715 1
2717 2716 1
2731 2716 1
2718 2717 1
2731 2717 1
2719 2718 1
2731 2718 1
2720 2719 1
2731 2719 1
2721 2720 1
2731 2720 1
2722 2721 1
2731 2721 1
2723 2722 1
2731 2722 1
2724 2723 1
2731 2723 1
2725 2724 1
2731 2724 1
2726 2725 1
2731 2725 1
2727 2726 1
2731 2726 1
2728 2727 1
2731 2727 1
2729 2728 1
2731 2728 1
2730 2729 1
2731 2729 1
2731 2730 1
2818 2731 1
2735 2732 1
2734 2733 1
2735 2733 1
2818 2733 1
2736 2735 1
2737 2735 1
2738 2735 1
2739 2735 1
2818 2735 1
2741 2740 1
2764 2740 1
2742 2741 1
2764 2741 1
2743 2742 1
2764 2742 1
2744 2743 1
2764 2743 1
2745 2744 1
2764 2744 1
2764 2745 1
2747 2746 1
2764 2746 1
2748 2747 1
2764 2747 1
2749 2748 1
2764 2748 1
2750 2749 1
2764 2749 1
2751 2750 1
2764 2750 1
2752 2751 1
2764 2751 1
2764 2752 1
2754 2753 1
2764 2753 1
2756 2755 1
2764 2755 1
2758 2757 1
2764 2757 1
2764 2759 1
2761 2760 1
2764 2760 1
2764 2762 1
2764 2763 1
2765 2764 1
2767 2764 1
2769 2764 1
2770 2764 1
2771 2764 1
2773 2764 1
2775 2764 1
2777 2764 1
2779 2764 1
2781 2764 1
2782 2764 1
2784 2764 1
2786 2764 1
2788 2764 1
2790 2764 1
2791 2764 1
2818 2764 1
2766 2765 1
2768 2767 1
2772 2771 1
2774 2773 1
2776 2775 1
2778 2777 1
2780 2779 1
2783 2782 1
2785 2784 1
2787 2786 1
2789 2788 1
2792 2791 1
2801 2793 1
2795 2794 1
2801 2794 1
2801 2796 1
2801 2797 1
2801 2798 1
2800 2799 1
2801 2799 1
2818 2799 1
2802 2801 1
2804 2801 1
2805 2801 1
2806 2801 1
2808 2801 1
2809 2801 1
2810 2801 1
2811 2801 1
2812 2801 1
2813 2801 1
2814 2801 1
2815 2801 1
2816 2801 1
2818 2801 1
2803 2802 1
2807 2806 1
2818 2817 1
2820 2818 1
2822 2818 1
2846 2818 1
2822 2820 1
2846 2820 1
2822 2821 1
2823 2822 1
2824 2822 1
2825 2822 1
2826 2822 1
2827 2822 1
2828 2822 1
2829 2822 1
2846 2822 1
2889 2822 1
2846 2829 1
2834 2830 1
2834 2831 1
2834 2832 1
2834 2833 1
2835 2834 1
2836 2834 1
2837 2834 1
2838 2834 1
2840 2834 1
2841 2834 1
2839 2838 1
2846 2842 1
2891 2842 1
2846 2843 1
2846 2844 1
2846 2845 1
2859 2845 1
2847 2846 1
2848 2846 1
2849 2846 1
2850 2846 1
2851 2846 1
2852 2846 1
2853 2846 1
2854 2846 1
2855 2846 1
2856 2846 1
2857 2846 1
2858 2846 1
2859 2846 1
2860 2846 1
2861 2846 1
2862 2846 1
2863 2846 1
2864 2846 1
2865 2846 1
2866 2846 1
2867 2846 1
2868 2846 1
2869 2846 1
2874 2846 1
2885 2846 1
2886 2846 1
2887 2846 1
2888 2846 1
2889 2846 1
2890 2846 1
2891 2846 1
2893 2846 1
2894 2846 1
2895 2846 1
2896 2846 1
2897 2846 1
2898 2846 1
2899 2846 1
2900 2846 1
2901 2846 1
2902 2846 1
2903 2846 1
2904 2846 1
2905 2846 1
2849 2848 1
2850 2848 1
2851 2848 1
2852 2848 1
2853 2848 1
2854 2848 1
2855 2848 1
2856 2848 1
2857 2848 1
2859 2848 1
2860 2848 1
2861 2848 1
2862 2848 1
2863 2848 1
2864 2848 1
2865 2848 1
2866 2848 1
2867 2848 1
2868 2848 1
2869 2848 1
2893 2848 1
2894 2848 1
2895 2848 1
2896 2848 1
2897 2848 1
2898 2848 1
2899 2848 1
2900 2848 1
2850 2849 1
2851 2849 1
2852 2849 1
2853 2849 1
2854 2849 1
2855 2849 1
2856 2849 1
2857 2849 1
2859 2849 1
2860 2849 1
2861 2849 1
2862 2849 1
2863 2849 1
2864 2849 1
2865 2849 1
2866 2849 1
2867 2849 1
2868 2849 1
2869 2849 1
2893 2849 1
2894 2849 1
2895 2849 1
2896 2849 1
2897 2849 1
2898 2849 1
2899 2849 1
2900 2849 1
2851 2850 1
2852 2850 1
2853 2850 1
2854 2850 1
2855 2850 1
2856 2850 1
2857 2850 1
2859 2850 1
2860 2850 1
2861 2850 1
2862 2850 1
2863 2850 1
2864 2850 1
2865 2850 1
2866 2850 1
2867 2850 1
2868 2850 1
2869 2850 1
2893 2850 1
2894 2850 1
2895 2850 1
2896 2850 1
2897 2850 1
2898 2850 1
2899 2850 1
2900 2850 1
2852 2851 1
2853 2851 1
2854 2851 1
2855 2851 1
2856 2851 1
2857 2851 1
2859 2851 1
2860 2851 1
2861 2851 1
2862 2851 1
2863 2851 1
2864 2851 1
2865 2851 1
2866 2851 1
2867 2851 1
2868 2851 1
2869 2851 1
2893 2851 1
2894 2851 1
2895 2851 1
2896 2851 1
2897 2851 1
2898 2851 1
2899 2851 1
2900 2851 1
2853 2852 1
2854 2852 1
2855 2852 1
2856 2852 1
2857 2852 1
2859 2852 1
2860 2852 1
2861 2852 1
2862 2852 1
2863 2852 1
2864 2852 1
2865 2852 1
2866 2852 1
2867 2852 1
2868 2852 1
2869 2852 1
2893 2852 1
2894 2852 1
2895 2852 1
2896 2852 1
2897 2852 1
2898 2852 1
2899 2852 1
2900 2852 1
2854 2853 1
2855 2853 1
2856 2853 1
2857 2853 1
2859 2853 1
2860 2853 1
2861 2853 1
2862 2853 1
2863 2853 1
2864 2853 1
2865 2853 1
2866 2853 1
2867 2853 1
2868 2853 1
2869 2853 1
2893 2853 1
2894 2853 1
2895 2853 1
2896 2853 1
2897 2853 1
2898 2853 1
2899 2853 1
2900 2853 1
2855 2854 1
2856 2854 1
2857 2854 1
2859 2854 1
2860 2854 1
2861 2854 1
2862 2854 1
2863 2854 1
2864 2854 1
2865 2854 1
2866 2854 1
2867 2854 1
2868 2854 1
2869 2854 1
2893 2854 1
2894 2854 1
2895 2854 1
2896 2854 1
2897 2854 1
2898 2854 1
2899 2854 1
2900 2854 1
2856 2855 1
2857 2855 1
2859 2855 1
2860 2855 1
2861 2855 1
2862 2855 1
2863 2855 1
2864 2855 1
2865 2855 1
2866 2855 1
2867 2855 1
2868 2855 1
2869 2855 1
2893 2855 1
2894 2855 1
2895 2855 1
2896 2855 1
2897 2855 1
2898 2855 1
2899 2855 1
2900 2855 1
2857 2856 1
2859 2856 1
2860 2856 1
2861 2856 1
2862 2856 1
2863 2856 1
2864 2856 1
2865 2856 1
2866 2856 1
2867 2856 1
2868 2856 1
2869 2856 1
2893 2856 1
2894 2856 1
2895 2856 1
2896 2856 1
2897 2856 1
2898 2856 1
2899 2856 1
2900 2856 1
2859 2857 1
2860 2857 1
2861 2857 1
2862 2857 1
2863 2857 1
2864 2857 1
2865 2857 1
2866 2857 1
2867 2857 1
2868 2857 1
2869 2857 1
2893 2857 1
2894 2857 1
2895 2857 1
2896 2857 1
2897 2857 1
2898 2857 1
2899 2857 1
2900 2857 1
2860 2859 1
2861 2859 1
2862 2859 1
2863 2859 1
2864 2859 1
2865 2859 1
2866 2859 1
2867 2859 1
2868 2859 1
2869 2859 1
2893 2859 1
2894 2859 1
2895 2859 1
2896 2859 1
2897 2859 1
2898 2859 1
2899 2859 1
2900 2859 1
2861 2860 1
2862 2860 1
2863 2860 1
2864 2860 1
2865 2860 1
2866 2860 1
2867 2860 1
2868 2860 1
2869 2860 1
2893 2860 1
2894 2860 1
2895 2860 1
2896 2860 1
2897 2860 1
2898 2860 1
2899 2860 1
2900 2860 1
2862 2861 1
2863 2861 1
2864 2861 1
2865 2861 1
2866 2861 1
2867 2861 1
2868 2861 1
2869 2861 1
2893 2861 1
2894 2861 1
2895 2861 1
2896 2861 1
2897 2861 1
2898 2861 1
2899 2861 1
2900 2861 1
2863 2862 1
2864 2862 1
2865 2862 1
2866 2862 1
2867 2862 1
2868 2862 1
2869 2862 1
2893 2862 1
2894 2862 1
2895 2862 1
2896 2862 1
2897 2862 1
2898 2862 1
2899 2862 1
2900 2862 1
2864 2863 1
2865 2863 1
2866 2863 1
2867 2863 1
2868 2863 1
2869 2863 1
2893 2863 1
2894 2863 1
2895 2863 1
2896 2863 1
2897 2863 1
2898 2863 1
2899 2863 1
2900 2863 1
2865 2864 1
2866 2864 1
2867 2864 1
2868 2864 1
2869 2864 1
2893 2864 1
2894 2864 1
2895 2864 1
2896 2864 1
2897 2864 1
2898 2864 1
2899 2864 1
2900 2864 1
2866 2865 1
2867 2865 1
2868 2865 1
2869 2865 1
2893 2865 1
2894 2865 1
2895 2865 1
2896 2865 1
2897 2865 1
2898 2865 1
2899 2865 1
2900 2865 1
2867 2866 1
2868 2866 1
2869 2866 1
2893 2866 1
2894 2866 1
2895 2866 1
2896 2866 1
2897 2866 1
2898 2866 1
2899 2866 1
2900 2866 1
2868 2867 1
2869 2867 1
2893 2867 1
2894 2867 1
2895 2867 1
2896 2867 1
2897 2867 1
2898 2867 1
2899 2867 1
2900 2867 1
2869 2868 1
2893 2868 1
2894 2868 1
2895 2868 1
2896 2868 1
2897 2868 1
2898 2868 1
2899 2868 1
2900 2868 1
2893 2869 1
2894 2869 1
2895 2869 1
2896 2869 1
2897 2869 1
2898 2869 1
2899 2869 1
2900 2869 1
2871 2870 1
2872 2870 1
2873 2870 1
2874 2870 1
2875 2870 1
2876 2870 1
2877 2870 1
2878 2870 1
2879 2870 1
2880 2870 1
2881 2870 1
2882 2870 1
2883 2870 1
2884 2870 1
2872 2871 1
2873 2871 1
2874 2871 1
2875 2871 1
2876 2871 1
2877 2871 1
2878 2871 1
2879 2871 1
2880 2871 1
2881 2871 1
2882 2871 1
2883 2871 1
2884 2871 1
2873 2872 1
2874 2872 1
2875 2872 1
2876 2872 1
2877 2872 1
2878 2872 1
2879 2872 1
2880 2872 1
2881 2872 1
2882 2872 1
2883 2872 1
2884 2872 1
2874 2873 1
2875 2873 1
2876 2873 1
2877 2873 1
2878 2873 1
2879 2873 1
2880 2873 1
2881 2873 1
2882 2873 1
2883 2873 1
2884 2873 1
2875 2874 1
2876 2874 1
2877 2874 1
2878 2874 1
2879 2874 1
2880 2874 1
2881 2874 1
2882 2874 1
2883 2874 1
2884 2874 1
2876 2875 1
2877 2875 1
2878 2875 1
2879 2875 1
2880 2875 1
2881 2875 1
2882 2875 1
2883 2875 1
2884 2875 1
2877 2876 1
2878 2876 1
2879 2876 1
2880 2876 1
2881 2876 1
2882 2876 1
2883 2876 1
2884 2876 1
2878 2877 1
2879 2877 1
2880 2877 1
2881 2877 1
2882 2877 1
2883 2877 1
2884 2877 1
2879 2878 1
2880 2878 1
2881 2878 1
2882 2878 1
2883 2878 1
2884 2878 1
2880 2879 1
2881 2879 1
2882 2879 1
2883 2879 1
2884 2879 1
2881 2880 1
2882 2880 1
2883 2880 1
2884 2880 1
2882 2881 1
2883 2881 1
2884 2881 1
2883 2882 1
2884 2882 1
2884 2883 1
2902 2885 1
2901 2886 1
2892 2891 1
2894 2893 1
2895 2893 1
2896 2893 1
2897 2893 1
2898 2893 1
2899 2893 1
2900 2893 1
2895 2894 1
2896 2894 1
2897 2894 1
2898 2894 1
2899 2894 1
2900 2894 1
2896 2895 1
2897 2895 1
2898 2895 1
2899 2895 1
2900 2895 1
2897 2896 1
2898 2896 1
2899 2896 1
2900 2896 1
2898 2897 1
2899 2897 1
2900 2897 1
2899 2898 1
2900 2898 1
2900 2899 1
2908 2907 1
2951 2907 1
2959 2907 1
2963 2907 1
3013 2907 1
3014 2907 1
3015 2907 1
3016 2907 1
3017 2907 1
3019 2907 1
3021 2907 1
3022 2907 1
3026 2907 1
3028 2907 1
3030 2907 1
2909 2908 1
2911 2908 1
2929 2908 1
2932 2908 1
2934 2908 1
2935 2908 1
2947 2908 1
2949 2908 1
2956 2908 1
2959 2908 1
2961 2908 1
2963 2908 1
3014 2908 1
3015 2908 1
3016 2908 1
3017 2908 1
3026 2908 1
2910 2909 1
2931 2909 1
3014 2909 1
2912 2911 1
2913 2911 1
2916 2911 1
2918 2911 1
2920 2911 1
2921 2911 1
2922 2911 1
2923 2911 1
2925 2911 1
2963 2911 1
2913 2912 1
2916 2912 1
2918 2912 1
2920 2912 1
2921 2912 1
2922 2912 1
2923 2912 1
2925 2912 1
2914 2913 1
2916 2913 1
2918 2913 1
2920 2913 1
2921 2913 1
2922 2913 1
2923 2913 1
2925 2913 1
2921 2915 1
2918 2916 1
2920 2916 1
2921 2916 1
2922 2916 1
2923 2916 1
2925 2916 1
2921 2917 1
2919 2918 1
2920 2918 1
2921 2918 1
2922 2918 1
2923 2918 1
2925 2918 1
2921 2920 1
2922 2920 1
2923 2920 1
2925 2920 1
2922 2921 1
2923 2921 1
2924 2921 1
2925 2921 1
2923 2922 1
2925 2922 1
2925 2923 1
2963 2926 1
3020 2927 1
3014 2928 1
3014 2929 1
3012 2930 1
3014 2931 1
3012 2932 1
3014 2933 1
2939 2936 1
3017 2936 1
3014 2937 1
2956 2938 1
2943 2939 1
2941 2940 1
2942 2940 1
2944 2940 1
2942 2941 1
2944 2941 1
2943 2942 1
2944 2942 1
3014 2945 1
2963 2946 1
3014 2946 1
3017 2948 1
3014 2949 1
3016 2949 1
3017 2949 1
3014 2950 1
3014 2951 1
3015 2951 1
3017 2951 1
3014 2952 1
3014 2953 1
3014 2954 1
3014 2955 1
3017 2955 1
3017 2956 1
3014 2957 1
3014 2958 1
2961 2959 1
2962 2959 1
2963 2959 1
3014 2959 1
3015 2959 1
3016 2959 1
3017 2959 1
3026 2959 1
3017 2960 1
3014 2961 1
3016 2961 1
3008 2963 1
3013 2963 1
3014 2963 1
3015 2963 1
3016 2963 1
3017 2963 1
3025 2963 1
3026 2963 1
2991 2964 1
2966 2965 1
2967 2965 1
2968 2965 1
2969 2965 1
2970 2965 1
2971 2965 1
2972 2965 1
2973 2965 1
2974 2965 1
2975 2965 1
2976 2965 1
2977 2965 1
2978 2965 1
2979 2965 1
2980 2965 1
2981 2965 1
2982 2965 1
2983 2965 1
2984 2965 1
2985 2965 1
2986 2965 1
2987 2965 1
2988 2965 1
2989 2965 1
2990 2965 1
2991 2965 1
2992 2965 1
2995 2965 1
2996 2965 1
3025 2965 1
2992 2991 1
2995 2991 1
2996 2991 1
2993 2992 1
2994 2992 1
2995 2992 1
2996 2992 1
2996 2995 1
3002 2997 1
3013 2997 1
3014 2997 1
3016 2997 1
3017 2997 1
3014 2998 1
3014 2999 1
3014 3000 1
3016 3001 1
3014 3003 1
3005 3004 1
3014 3004 1
3006 3005 1
3014 3007 1
3014 3008 1
3015 3009 1
3026 3009 1
3014 3010 1
3015 3010 1
3017 3010 1
3026 3010 1
3014 3011 1
3026 3011 1
3014 3013 1
3017 3013 1
3019 3013 1
3026 3013 1
3027 3013 1
3015 3014 1
3016 3014 1
3017 3014 1
3019 3014 1
3020 3014 1
3023 3014 1
3024 3014 1
3026 3014 1
3031 3014 1
3016 3015 1
3017 3015 1
3026 3015 1
3029 3015 1
3017 3016 1
3024 3016 1
3026 3016 1
3018 3017 1
3026 3017 1
3028 3017 1
3026 3019 1
3022 3021 1
3027 3026 1
3028 3027 1
